DateKey,FullDate,Day,DayName,Week,Month,MonthName,Quarter,QuarterName,Year,IsWeekend,FiscalYear,FiscalQuarter
20150101,2015-01-01,1,Thursday,1,1,January,1,Q1,2015,False,2015,1
20150102,2015-01-02,2,Friday,1,1,January,1,Q1,2015,False,2015,1
20150103,2015-01-03,3,Saturday,1,1,January,1,Q1,2015,True,2015,1
20150104,2015-01-04,4,Sunday,1,1,January,1,Q1,2015,True,2015,1
20150105,2015-01-05,5,Monday,2,1,January,1,Q1,2015,False,2015,1
20150106,2015-01-06,6,Tuesday,2,1,January,1,Q1,2015,False,2015,1
20150107,2015-01-07,7,Wednesday,2,1,January,1,Q1,2015,False,2015,1
20150108,2015-01-08,8,Thursday,2,1,January,1,Q1,2015,False,2015,1
20150109,2015-01-09,9,Friday,2,1,January,1,Q1,2015,False,2015,1
20150110,2015-01-10,10,Saturday,2,1,January,1,Q1,2015,True,2015,1
20150111,2015-01-11,11,Sunday,2,1,January,1,Q1,2015,True,2015,1
20150112,2015-01-12,12,Monday,3,1,January,1,Q1,2015,False,2015,1
20150113,2015-01-13,13,Tuesday,3,1,January,1,Q1,2015,False,2015,1
20150114,2015-01-14,14,Wednesday,3,1,January,1,Q1,2015,False,2015,1
20150115,2015-01-15,15,Thursday,3,1,January,1,Q1,2015,False,2015,1
20150116,2015-01-16,16,Friday,3,1,January,1,Q1,2015,False,2015,1
20150117,2015-01-17,17,Saturday,3,1,January,1,Q1,2015,True,2015,1
20150118,2015-01-18,18,Sunday,3,1,January,1,Q1,2015,True,2015,1
20150119,2015-01-19,19,Monday,4,1,January,1,Q1,2015,False,2015,1
20150120,2015-01-20,20,Tuesday,4,1,January,1,Q1,2015,False,2015,1
20150121,2015-01-21,21,Wednesday,4,1,January,1,Q1,2015,False,2015,1
20150122,2015-01-22,22,Thursday,4,1,January,1,Q1,2015,False,2015,1
20150123,2015-01-23,23,Friday,4,1,January,1,Q1,2015,False,2015,1
20150124,2015-01-24,24,Saturday,4,1,January,1,Q1,2015,True,2015,1
20150125,2015-01-25,25,Sunday,4,1,January,1,Q1,2015,True,2015,1
20150126,2015-01-26,26,Monday,5,1,January,1,Q1,2015,False,2015,1
20150127,2015-01-27,27,Tuesday,5,1,January,1,Q1,2015,False,2015,1
20150128,2015-01-28,28,Wednesday,5,1,January,1,Q1,2015,False,2015,1
20150129,2015-01-29,29,Thursday,5,1,January,1,Q1,2015,False,2015,1
20150130,2015-01-30,30,Friday,5,1,January,1,Q1,2015,False,2015,1
20150131,2015-01-31,31,Saturday,5,1,January,1,Q1,2015,True,2015,1
20150201,2015-02-01,1,Sunday,5,2,February,1,Q1,2015,True,2015,1
20150202,2015-02-02,2,Monday,6,2,February,1,Q1,2015,False,2015,1
20150203,2015-02-03,3,Tuesday,6,2,February,1,Q1,2015,False,2015,1
20150204,2015-02-04,4,Wednesday,6,2,February,1,Q1,2015,False,2015,1
20150205,2015-02-05,5,Thursday,6,2,February,1,Q1,2015,False,2015,1
20150206,2015-02-06,6,Friday,6,2,February,1,Q1,2015,False,2015,1
20150207,2015-02-07,7,Saturday,6,2,February,1,Q1,2015,True,2015,1
20150208,2015-02-08,8,Sunday,6,2,February,1,Q1,2015,True,2015,1
20150209,2015-02-09,9,Monday,7,2,February,1,Q1,2015,False,2015,1
20150210,2015-02-10,10,Tuesday,7,2,February,1,Q1,2015,False,2015,1
20150211,2015-02-11,11,Wednesday,7,2,February,1,Q1,2015,False,2015,1
20150212,2015-02-12,12,Thursday,7,2,February,1,Q1,2015,False,2015,1
20150213,2015-02-13,13,Friday,7,2,February,1,Q1,2015,False,2015,1
20150214,2015-02-14,14,Saturday,7,2,February,1,Q1,2015,True,2015,1
20150215,2015-02-15,15,Sunday,7,2,February,1,Q1,2015,True,2015,1
20150216,2015-02-16,16,Monday,8,2,February,1,Q1,2015,False,2015,1
20150217,2015-02-17,17,Tuesday,8,2,February,1,Q1,2015,False,2015,1
20150218,2015-02-18,18,Wednesday,8,2,February,1,Q1,2015,False,2015,1
20150219,2015-02-19,19,Thursday,8,2,February,1,Q1,2015,False,2015,1
20150220,2015-02-20,20,Friday,8,2,February,1,Q1,2015,False,2015,1
20150221,2015-02-21,21,Saturday,8,2,February,1,Q1,2015,True,2015,1
20150222,2015-02-22,22,Sunday,8,2,February,1,Q1,2015,True,2015,1
20150223,2015-02-23,23,Monday,9,2,February,1,Q1,2015,False,2015,1
20150224,2015-02-24,24,Tuesday,9,2,February,1,Q1,2015,False,2015,1
20150225,2015-02-25,25,Wednesday,9,2,February,1,Q1,2015,False,2015,1
20150226,2015-02-26,26,Thursday,9,2,February,1,Q1,2015,False,2015,1
20150227,2015-02-27,27,Friday,9,2,February,1,Q1,2015,False,2015,1
20150228,2015-02-28,28,Saturday,9,2,February,1,Q1,2015,True,2015,1
20150301,2015-03-01,1,Sunday,9,3,March,1,Q1,2015,True,2015,1
20150302,2015-03-02,2,Monday,10,3,March,1,Q1,2015,False,2015,1
20150303,2015-03-03,3,Tuesday,10,3,March,1,Q1,2015,False,2015,1
20150304,2015-03-04,4,Wednesday,10,3,March,1,Q1,2015,False,2015,1
20150305,2015-03-05,5,Thursday,10,3,March,1,Q1,2015,False,2015,1
20150306,2015-03-06,6,Friday,10,3,March,1,Q1,2015,False,2015,1
20150307,2015-03-07,7,Saturday,10,3,March,1,Q1,2015,True,2015,1
20150308,2015-03-08,8,Sunday,10,3,March,1,Q1,2015,True,2015,1
20150309,2015-03-09,9,Monday,11,3,March,1,Q1,2015,False,2015,1
20150310,2015-03-10,10,Tuesday,11,3,March,1,Q1,2015,False,2015,1
20150311,2015-03-11,11,Wednesday,11,3,March,1,Q1,2015,False,2015,1
20150312,2015-03-12,12,Thursday,11,3,March,1,Q1,2015,False,2015,1
20150313,2015-03-13,13,Friday,11,3,March,1,Q1,2015,False,2015,1
20150314,2015-03-14,14,Saturday,11,3,March,1,Q1,2015,True,2015,1
20150315,2015-03-15,15,Sunday,11,3,March,1,Q1,2015,True,2015,1
20150316,2015-03-16,16,Monday,12,3,March,1,Q1,2015,False,2015,1
20150317,2015-03-17,17,Tuesday,12,3,March,1,Q1,2015,False,2015,1
20150318,2015-03-18,18,Wednesday,12,3,March,1,Q1,2015,False,2015,1
20150319,2015-03-19,19,Thursday,12,3,March,1,Q1,2015,False,2015,1
20150320,2015-03-20,20,Friday,12,3,March,1,Q1,2015,False,2015,1
20150321,2015-03-21,21,Saturday,12,3,March,1,Q1,2015,True,2015,1
20150322,2015-03-22,22,Sunday,12,3,March,1,Q1,2015,True,2015,1
20150323,2015-03-23,23,Monday,13,3,March,1,Q1,2015,False,2015,1
20150324,2015-03-24,24,Tuesday,13,3,March,1,Q1,2015,False,2015,1
20150325,2015-03-25,25,Wednesday,13,3,March,1,Q1,2015,False,2015,1
20150326,2015-03-26,26,Thursday,13,3,March,1,Q1,2015,False,2015,1
20150327,2015-03-27,27,Friday,13,3,March,1,Q1,2015,False,2015,1
20150328,2015-03-28,28,Saturday,13,3,March,1,Q1,2015,True,2015,1
20150329,2015-03-29,29,Sunday,13,3,March,1,Q1,2015,True,2015,1
20150330,2015-03-30,30,Monday,14,3,March,1,Q1,2015,False,2015,1
20150331,2015-03-31,31,Tuesday,14,3,March,1,Q1,2015,False,2015,1
20150401,2015-04-01,1,Wednesday,14,4,April,2,Q2,2015,False,2015,2
20150402,2015-04-02,2,Thursday,14,4,April,2,Q2,2015,False,2015,2
20150403,2015-04-03,3,Friday,14,4,April,2,Q2,2015,False,2015,2
20150404,2015-04-04,4,Saturday,14,4,April,2,Q2,2015,True,2015,2
20150405,2015-04-05,5,Sunday,14,4,April,2,Q2,2015,True,2015,2
20150406,2015-04-06,6,Monday,15,4,April,2,Q2,2015,False,2015,2
20150407,2015-04-07,7,Tuesday,15,4,April,2,Q2,2015,False,2015,2
20150408,2015-04-08,8,Wednesday,15,4,April,2,Q2,2015,False,2015,2
20150409,2015-04-09,9,Thursday,15,4,April,2,Q2,2015,False,2015,2
20150410,2015-04-10,10,Friday,15,4,April,2,Q2,2015,False,2015,2
20150411,2015-04-11,11,Saturday,15,4,April,2,Q2,2015,True,2015,2
20150412,2015-04-12,12,Sunday,15,4,April,2,Q2,2015,True,2015,2
20150413,2015-04-13,13,Monday,16,4,April,2,Q2,2015,False,2015,2
20150414,2015-04-14,14,Tuesday,16,4,April,2,Q2,2015,False,2015,2
20150415,2015-04-15,15,Wednesday,16,4,April,2,Q2,2015,False,2015,2
20150416,2015-04-16,16,Thursday,16,4,April,2,Q2,2015,False,2015,2
20150417,2015-04-17,17,Friday,16,4,April,2,Q2,2015,False,2015,2
20150418,2015-04-18,18,Saturday,16,4,April,2,Q2,2015,True,2015,2
20150419,2015-04-19,19,Sunday,16,4,April,2,Q2,2015,True,2015,2
20150420,2015-04-20,20,Monday,17,4,April,2,Q2,2015,False,2015,2
20150421,2015-04-21,21,Tuesday,17,4,April,2,Q2,2015,False,2015,2
20150422,2015-04-22,22,Wednesday,17,4,April,2,Q2,2015,False,2015,2
20150423,2015-04-23,23,Thursday,17,4,April,2,Q2,2015,False,2015,2
20150424,2015-04-24,24,Friday,17,4,April,2,Q2,2015,False,2015,2
20150425,2015-04-25,25,Saturday,17,4,April,2,Q2,2015,True,2015,2
20150426,2015-04-26,26,Sunday,17,4,April,2,Q2,2015,True,2015,2
20150427,2015-04-27,27,Monday,18,4,April,2,Q2,2015,False,2015,2
20150428,2015-04-28,28,Tuesday,18,4,April,2,Q2,2015,False,2015,2
20150429,2015-04-29,29,Wednesday,18,4,April,2,Q2,2015,False,2015,2
20150430,2015-04-30,30,Thursday,18,4,April,2,Q2,2015,False,2015,2
20150501,2015-05-01,1,Friday,18,5,May,2,Q2,2015,False,2015,2
20150502,2015-05-02,2,Saturday,18,5,May,2,Q2,2015,True,2015,2
20150503,2015-05-03,3,Sunday,18,5,May,2,Q2,2015,True,2015,2
20150504,2015-05-04,4,Monday,19,5,May,2,Q2,2015,False,2015,2
20150505,2015-05-05,5,Tuesday,19,5,May,2,Q2,2015,False,2015,2
20150506,2015-05-06,6,Wednesday,19,5,May,2,Q2,2015,False,2015,2
20150507,2015-05-07,7,Thursday,19,5,May,2,Q2,2015,False,2015,2
20150508,2015-05-08,8,Friday,19,5,May,2,Q2,2015,False,2015,2
20150509,2015-05-09,9,Saturday,19,5,May,2,Q2,2015,True,2015,2
20150510,2015-05-10,10,Sunday,19,5,May,2,Q2,2015,True,2015,2
20150511,2015-05-11,11,Monday,20,5,May,2,Q2,2015,False,2015,2
20150512,2015-05-12,12,Tuesday,20,5,May,2,Q2,2015,False,2015,2
20150513,2015-05-13,13,Wednesday,20,5,May,2,Q2,2015,False,2015,2
20150514,2015-05-14,14,Thursday,20,5,May,2,Q2,2015,False,2015,2
20150515,2015-05-15,15,Friday,20,5,May,2,Q2,2015,False,2015,2
20150516,2015-05-16,16,Saturday,20,5,May,2,Q2,2015,True,2015,2
20150517,2015-05-17,17,Sunday,20,5,May,2,Q2,2015,True,2015,2
20150518,2015-05-18,18,Monday,21,5,May,2,Q2,2015,False,2015,2
20150519,2015-05-19,19,Tuesday,21,5,May,2,Q2,2015,False,2015,2
20150520,2015-05-20,20,Wednesday,21,5,May,2,Q2,2015,False,2015,2
20150521,2015-05-21,21,Thursday,21,5,May,2,Q2,2015,False,2015,2
20150522,2015-05-22,22,Friday,21,5,May,2,Q2,2015,False,2015,2
20150523,2015-05-23,23,Saturday,21,5,May,2,Q2,2015,True,2015,2
20150524,2015-05-24,24,Sunday,21,5,May,2,Q2,2015,True,2015,2
20150525,2015-05-25,25,Monday,22,5,May,2,Q2,2015,False,2015,2
20150526,2015-05-26,26,Tuesday,22,5,May,2,Q2,2015,False,2015,2
20150527,2015-05-27,27,Wednesday,22,5,May,2,Q2,2015,False,2015,2
20150528,2015-05-28,28,Thursday,22,5,May,2,Q2,2015,False,2015,2
20150529,2015-05-29,29,Friday,22,5,May,2,Q2,2015,False,2015,2
20150530,2015-05-30,30,Saturday,22,5,May,2,Q2,2015,True,2015,2
20150531,2015-05-31,31,Sunday,22,5,May,2,Q2,2015,True,2015,2
20150601,2015-06-01,1,Monday,23,6,June,2,Q2,2015,False,2015,2
20150602,2015-06-02,2,Tuesday,23,6,June,2,Q2,2015,False,2015,2
20150603,2015-06-03,3,Wednesday,23,6,June,2,Q2,2015,False,2015,2
20150604,2015-06-04,4,Thursday,23,6,June,2,Q2,2015,False,2015,2
20150605,2015-06-05,5,Friday,23,6,June,2,Q2,2015,False,2015,2
20150606,2015-06-06,6,Saturday,23,6,June,2,Q2,2015,True,2015,2
20150607,2015-06-07,7,Sunday,23,6,June,2,Q2,2015,True,2015,2
20150608,2015-06-08,8,Monday,24,6,June,2,Q2,2015,False,2015,2
20150609,2015-06-09,9,Tuesday,24,6,June,2,Q2,2015,False,2015,2
20150610,2015-06-10,10,Wednesday,24,6,June,2,Q2,2015,False,2015,2
20150611,2015-06-11,11,Thursday,24,6,June,2,Q2,2015,False,2015,2
20150612,2015-06-12,12,Friday,24,6,June,2,Q2,2015,False,2015,2
20150613,2015-06-13,13,Saturday,24,6,June,2,Q2,2015,True,2015,2
20150614,2015-06-14,14,Sunday,24,6,June,2,Q2,2015,True,2015,2
20150615,2015-06-15,15,Monday,25,6,June,2,Q2,2015,False,2015,2
20150616,2015-06-16,16,Tuesday,25,6,June,2,Q2,2015,False,2015,2
20150617,2015-06-17,17,Wednesday,25,6,June,2,Q2,2015,False,2015,2
20150618,2015-06-18,18,Thursday,25,6,June,2,Q2,2015,False,2015,2
20150619,2015-06-19,19,Friday,25,6,June,2,Q2,2015,False,2015,2
20150620,2015-06-20,20,Saturday,25,6,June,2,Q2,2015,True,2015,2
20150621,2015-06-21,21,Sunday,25,6,June,2,Q2,2015,True,2015,2
20150622,2015-06-22,22,Monday,26,6,June,2,Q2,2015,False,2015,2
20150623,2015-06-23,23,Tuesday,26,6,June,2,Q2,2015,False,2015,2
20150624,2015-06-24,24,Wednesday,26,6,June,2,Q2,2015,False,2015,2
20150625,2015-06-25,25,Thursday,26,6,June,2,Q2,2015,False,2015,2
20150626,2015-06-26,26,Friday,26,6,June,2,Q2,2015,False,2015,2
20150627,2015-06-27,27,Saturday,26,6,June,2,Q2,2015,True,2015,2
20150628,2015-06-28,28,Sunday,26,6,June,2,Q2,2015,True,2015,2
20150629,2015-06-29,29,Monday,27,6,June,2,Q2,2015,False,2015,2
20150630,2015-06-30,30,Tuesday,27,6,June,2,Q2,2015,False,2015,2
20150701,2015-07-01,1,Wednesday,27,7,July,3,Q3,2015,False,2015,3
20150702,2015-07-02,2,Thursday,27,7,July,3,Q3,2015,False,2015,3
20150703,2015-07-03,3,Friday,27,7,July,3,Q3,2015,False,2015,3
20150704,2015-07-04,4,Saturday,27,7,July,3,Q3,2015,True,2015,3
20150705,2015-07-05,5,Sunday,27,7,July,3,Q3,2015,True,2015,3
20150706,2015-07-06,6,Monday,28,7,July,3,Q3,2015,False,2015,3
20150707,2015-07-07,7,Tuesday,28,7,July,3,Q3,2015,False,2015,3
20150708,2015-07-08,8,Wednesday,28,7,July,3,Q3,2015,False,2015,3
20150709,2015-07-09,9,Thursday,28,7,July,3,Q3,2015,False,2015,3
20150710,2015-07-10,10,Friday,28,7,July,3,Q3,2015,False,2015,3
20150711,2015-07-11,11,Saturday,28,7,July,3,Q3,2015,True,2015,3
20150712,2015-07-12,12,Sunday,28,7,July,3,Q3,2015,True,2015,3
20150713,2015-07-13,13,Monday,29,7,July,3,Q3,2015,False,2015,3
20150714,2015-07-14,14,Tuesday,29,7,July,3,Q3,2015,False,2015,3
20150715,2015-07-15,15,Wednesday,29,7,July,3,Q3,2015,False,2015,3
20150716,2015-07-16,16,Thursday,29,7,July,3,Q3,2015,False,2015,3
20150717,2015-07-17,17,Friday,29,7,July,3,Q3,2015,False,2015,3
20150718,2015-07-18,18,Saturday,29,7,July,3,Q3,2015,True,2015,3
20150719,2015-07-19,19,Sunday,29,7,July,3,Q3,2015,True,2015,3
20150720,2015-07-20,20,Monday,30,7,July,3,Q3,2015,False,2015,3
20150721,2015-07-21,21,Tuesday,30,7,July,3,Q3,2015,False,2015,3
20150722,2015-07-22,22,Wednesday,30,7,July,3,Q3,2015,False,2015,3
20150723,2015-07-23,23,Thursday,30,7,July,3,Q3,2015,False,2015,3
20150724,2015-07-24,24,Friday,30,7,July,3,Q3,2015,False,2015,3
20150725,2015-07-25,25,Saturday,30,7,July,3,Q3,2015,True,2015,3
20150726,2015-07-26,26,Sunday,30,7,July,3,Q3,2015,True,2015,3
20150727,2015-07-27,27,Monday,31,7,July,3,Q3,2015,False,2015,3
20150728,2015-07-28,28,Tuesday,31,7,July,3,Q3,2015,False,2015,3
20150729,2015-07-29,29,Wednesday,31,7,July,3,Q3,2015,False,2015,3
20150730,2015-07-30,30,Thursday,31,7,July,3,Q3,2015,False,2015,3
20150731,2015-07-31,31,Friday,31,7,July,3,Q3,2015,False,2015,3
20150801,2015-08-01,1,Saturday,31,8,August,3,Q3,2015,True,2015,3
20150802,2015-08-02,2,Sunday,31,8,August,3,Q3,2015,True,2015,3
20150803,2015-08-03,3,Monday,32,8,August,3,Q3,2015,False,2015,3
20150804,2015-08-04,4,Tuesday,32,8,August,3,Q3,2015,False,2015,3
20150805,2015-08-05,5,Wednesday,32,8,August,3,Q3,2015,False,2015,3
20150806,2015-08-06,6,Thursday,32,8,August,3,Q3,2015,False,2015,3
20150807,2015-08-07,7,Friday,32,8,August,3,Q3,2015,False,2015,3
20150808,2015-08-08,8,Saturday,32,8,August,3,Q3,2015,True,2015,3
20150809,2015-08-09,9,Sunday,32,8,August,3,Q3,2015,True,2015,3
20150810,2015-08-10,10,Monday,33,8,August,3,Q3,2015,False,2015,3
20150811,2015-08-11,11,Tuesday,33,8,August,3,Q3,2015,False,2015,3
20150812,2015-08-12,12,Wednesday,33,8,August,3,Q3,2015,False,2015,3
20150813,2015-08-13,13,Thursday,33,8,August,3,Q3,2015,False,2015,3
20150814,2015-08-14,14,Friday,33,8,August,3,Q3,2015,False,2015,3
20150815,2015-08-15,15,Saturday,33,8,August,3,Q3,2015,True,2015,3
20150816,2015-08-16,16,Sunday,33,8,August,3,Q3,2015,True,2015,3
20150817,2015-08-17,17,Monday,34,8,August,3,Q3,2015,False,2015,3
20150818,2015-08-18,18,Tuesday,34,8,August,3,Q3,2015,False,2015,3
20150819,2015-08-19,19,Wednesday,34,8,August,3,Q3,2015,False,2015,3
20150820,2015-08-20,20,Thursday,34,8,August,3,Q3,2015,False,2015,3
20150821,2015-08-21,21,Friday,34,8,August,3,Q3,2015,False,2015,3
20150822,2015-08-22,22,Saturday,34,8,August,3,Q3,2015,True,2015,3
20150823,2015-08-23,23,Sunday,34,8,August,3,Q3,2015,True,2015,3
20150824,2015-08-24,24,Monday,35,8,August,3,Q3,2015,False,2015,3
20150825,2015-08-25,25,Tuesday,35,8,August,3,Q3,2015,False,2015,3
20150826,2015-08-26,26,Wednesday,35,8,August,3,Q3,2015,False,2015,3
20150827,2015-08-27,27,Thursday,35,8,August,3,Q3,2015,False,2015,3
20150828,2015-08-28,28,Friday,35,8,August,3,Q3,2015,False,2015,3
20150829,2015-08-29,29,Saturday,35,8,August,3,Q3,2015,True,2015,3
20150830,2015-08-30,30,Sunday,35,8,August,3,Q3,2015,True,2015,3
20150831,2015-08-31,31,Monday,36,8,August,3,Q3,2015,False,2015,3
20150901,2015-09-01,1,Tuesday,36,9,September,3,Q3,2015,False,2015,3
20150902,2015-09-02,2,Wednesday,36,9,September,3,Q3,2015,False,2015,3
20150903,2015-09-03,3,Thursday,36,9,September,3,Q3,2015,False,2015,3
20150904,2015-09-04,4,Friday,36,9,September,3,Q3,2015,False,2015,3
20150905,2015-09-05,5,Saturday,36,9,September,3,Q3,2015,True,2015,3
20150906,2015-09-06,6,Sunday,36,9,September,3,Q3,2015,True,2015,3
20150907,2015-09-07,7,Monday,37,9,September,3,Q3,2015,False,2015,3
20150908,2015-09-08,8,Tuesday,37,9,September,3,Q3,2015,False,2015,3
20150909,2015-09-09,9,Wednesday,37,9,September,3,Q3,2015,False,2015,3
20150910,2015-09-10,10,Thursday,37,9,September,3,Q3,2015,False,2015,3
20150911,2015-09-11,11,Friday,37,9,September,3,Q3,2015,False,2015,3
20150912,2015-09-12,12,Saturday,37,9,September,3,Q3,2015,True,2015,3
20150913,2015-09-13,13,Sunday,37,9,September,3,Q3,2015,True,2015,3
20150914,2015-09-14,14,Monday,38,9,September,3,Q3,2015,False,2015,3
20150915,2015-09-15,15,Tuesday,38,9,September,3,Q3,2015,False,2015,3
20150916,2015-09-16,16,Wednesday,38,9,September,3,Q3,2015,False,2015,3
20150917,2015-09-17,17,Thursday,38,9,September,3,Q3,2015,False,2015,3
20150918,2015-09-18,18,Friday,38,9,September,3,Q3,2015,False,2015,3
20150919,2015-09-19,19,Saturday,38,9,September,3,Q3,2015,True,2015,3
20150920,2015-09-20,20,Sunday,38,9,September,3,Q3,2015,True,2015,3
20150921,2015-09-21,21,Monday,39,9,September,3,Q3,2015,False,2015,3
20150922,2015-09-22,22,Tuesday,39,9,September,3,Q3,2015,False,2015,3
20150923,2015-09-23,23,Wednesday,39,9,September,3,Q3,2015,False,2015,3
20150924,2015-09-24,24,Thursday,39,9,September,3,Q3,2015,False,2015,3
20150925,2015-09-25,25,Friday,39,9,September,3,Q3,2015,False,2015,3
20150926,2015-09-26,26,Saturday,39,9,September,3,Q3,2015,True,2015,3
20150927,2015-09-27,27,Sunday,39,9,September,3,Q3,2015,True,2015,3
20150928,2015-09-28,28,Monday,40,9,September,3,Q3,2015,False,2015,3
20150929,2015-09-29,29,Tuesday,40,9,September,3,Q3,2015,False,2015,3
20150930,2015-09-30,30,Wednesday,40,9,September,3,Q3,2015,False,2015,3
20151001,2015-10-01,1,Thursday,40,10,October,4,Q4,2015,False,2016,4
20151002,2015-10-02,2,Friday,40,10,October,4,Q4,2015,False,2016,4
20151003,2015-10-03,3,Saturday,40,10,October,4,Q4,2015,True,2016,4
20151004,2015-10-04,4,Sunday,40,10,October,4,Q4,2015,True,2016,4
20151005,2015-10-05,5,Monday,41,10,October,4,Q4,2015,False,2016,4
20151006,2015-10-06,6,Tuesday,41,10,October,4,Q4,2015,False,2016,4
20151007,2015-10-07,7,Wednesday,41,10,October,4,Q4,2015,False,2016,4
20151008,2015-10-08,8,Thursday,41,10,October,4,Q4,2015,False,2016,4
20151009,2015-10-09,9,Friday,41,10,October,4,Q4,2015,False,2016,4
20151010,2015-10-10,10,Saturday,41,10,October,4,Q4,2015,True,2016,4
20151011,2015-10-11,11,Sunday,41,10,October,4,Q4,2015,True,2016,4
20151012,2015-10-12,12,Monday,42,10,October,4,Q4,2015,False,2016,4
20151013,2015-10-13,13,Tuesday,42,10,October,4,Q4,2015,False,2016,4
20151014,2015-10-14,14,Wednesday,42,10,October,4,Q4,2015,False,2016,4
20151015,2015-10-15,15,Thursday,42,10,October,4,Q4,2015,False,2016,4
20151016,2015-10-16,16,Friday,42,10,October,4,Q4,2015,False,2016,4
20151017,2015-10-17,17,Saturday,42,10,October,4,Q4,2015,True,2016,4
20151018,2015-10-18,18,Sunday,42,10,October,4,Q4,2015,True,2016,4
20151019,2015-10-19,19,Monday,43,10,October,4,Q4,2015,False,2016,4
20151020,2015-10-20,20,Tuesday,43,10,October,4,Q4,2015,False,2016,4
20151021,2015-10-21,21,Wednesday,43,10,October,4,Q4,2015,False,2016,4
20151022,2015-10-22,22,Thursday,43,10,October,4,Q4,2015,False,2016,4
20151023,2015-10-23,23,Friday,43,10,October,4,Q4,2015,False,2016,4
20151024,2015-10-24,24,Saturday,43,10,October,4,Q4,2015,True,2016,4
20151025,2015-10-25,25,Sunday,43,10,October,4,Q4,2015,True,2016,4
20151026,2015-10-26,26,Monday,44,10,October,4,Q4,2015,False,2016,4
20151027,2015-10-27,27,Tuesday,44,10,October,4,Q4,2015,False,2016,4
20151028,2015-10-28,28,Wednesday,44,10,October,4,Q4,2015,False,2016,4
20151029,2015-10-29,29,Thursday,44,10,October,4,Q4,2015,False,2016,4
20151030,2015-10-30,30,Friday,44,10,October,4,Q4,2015,False,2016,4
20151031,2015-10-31,31,Saturday,44,10,October,4,Q4,2015,True,2016,4
20151101,2015-11-01,1,Sunday,44,11,November,4,Q4,2015,True,2016,4
20151102,2015-11-02,2,Monday,45,11,November,4,Q4,2015,False,2016,4
20151103,2015-11-03,3,Tuesday,45,11,November,4,Q4,2015,False,2016,4
20151104,2015-11-04,4,Wednesday,45,11,November,4,Q4,2015,False,2016,4
20151105,2015-11-05,5,Thursday,45,11,November,4,Q4,2015,False,2016,4
20151106,2015-11-06,6,Friday,45,11,November,4,Q4,2015,False,2016,4
20151107,2015-11-07,7,Saturday,45,11,November,4,Q4,2015,True,2016,4
20151108,2015-11-08,8,Sunday,45,11,November,4,Q4,2015,True,2016,4
20151109,2015-11-09,9,Monday,46,11,November,4,Q4,2015,False,2016,4
20151110,2015-11-10,10,Tuesday,46,11,November,4,Q4,2015,False,2016,4
20151111,2015-11-11,11,Wednesday,46,11,November,4,Q4,2015,False,2016,4
20151112,2015-11-12,12,Thursday,46,11,November,4,Q4,2015,False,2016,4
20151113,2015-11-13,13,Friday,46,11,November,4,Q4,2015,False,2016,4
20151114,2015-11-14,14,Saturday,46,11,November,4,Q4,2015,True,2016,4
20151115,2015-11-15,15,Sunday,46,11,November,4,Q4,2015,True,2016,4
20151116,2015-11-16,16,Monday,47,11,November,4,Q4,2015,False,2016,4
20151117,2015-11-17,17,Tuesday,47,11,November,4,Q4,2015,False,2016,4
20151118,2015-11-18,18,Wednesday,47,11,November,4,Q4,2015,False,2016,4
20151119,2015-11-19,19,Thursday,47,11,November,4,Q4,2015,False,2016,4
20151120,2015-11-20,20,Friday,47,11,November,4,Q4,2015,False,2016,4
20151121,2015-11-21,21,Saturday,47,11,November,4,Q4,2015,True,2016,4
20151122,2015-11-22,22,Sunday,47,11,November,4,Q4,2015,True,2016,4
20151123,2015-11-23,23,Monday,48,11,November,4,Q4,2015,False,2016,4
20151124,2015-11-24,24,Tuesday,48,11,November,4,Q4,2015,False,2016,4
20151125,2015-11-25,25,Wednesday,48,11,November,4,Q4,2015,False,2016,4
20151126,2015-11-26,26,Thursday,48,11,November,4,Q4,2015,False,2016,4
20151127,2015-11-27,27,Friday,48,11,November,4,Q4,2015,False,2016,4
20151128,2015-11-28,28,Saturday,48,11,November,4,Q4,2015,True,2016,4
20151129,2015-11-29,29,Sunday,48,11,November,4,Q4,2015,True,2016,4
20151130,2015-11-30,30,Monday,49,11,November,4,Q4,2015,False,2016,4
20151201,2015-12-01,1,Tuesday,49,12,December,4,Q4,2015,False,2016,4
20151202,2015-12-02,2,Wednesday,49,12,December,4,Q4,2015,False,2016,4
20151203,2015-12-03,3,Thursday,49,12,December,4,Q4,2015,False,2016,4
20151204,2015-12-04,4,Friday,49,12,December,4,Q4,2015,False,2016,4
20151205,2015-12-05,5,Saturday,49,12,December,4,Q4,2015,True,2016,4
20151206,2015-12-06,6,Sunday,49,12,December,4,Q4,2015,True,2016,4
20151207,2015-12-07,7,Monday,50,12,December,4,Q4,2015,False,2016,4
20151208,2015-12-08,8,Tuesday,50,12,December,4,Q4,2015,False,2016,4
20151209,2015-12-09,9,Wednesday,50,12,December,4,Q4,2015,False,2016,4
20151210,2015-12-10,10,Thursday,50,12,December,4,Q4,2015,False,2016,4
20151211,2015-12-11,11,Friday,50,12,December,4,Q4,2015,False,2016,4
20151212,2015-12-12,12,Saturday,50,12,December,4,Q4,2015,True,2016,4
20151213,2015-12-13,13,Sunday,50,12,December,4,Q4,2015,True,2016,4
20151214,2015-12-14,14,Monday,51,12,December,4,Q4,2015,False,2016,4
20151215,2015-12-15,15,Tuesday,51,12,December,4,Q4,2015,False,2016,4
20151216,2015-12-16,16,Wednesday,51,12,December,4,Q4,2015,False,2016,4
20151217,2015-12-17,17,Thursday,51,12,December,4,Q4,2015,False,2016,4
20151218,2015-12-18,18,Friday,51,12,December,4,Q4,2015,False,2016,4
20151219,2015-12-19,19,Saturday,51,12,December,4,Q4,2015,True,2016,4
20151220,2015-12-20,20,Sunday,51,12,December,4,Q4,2015,True,2016,4
20151221,2015-12-21,21,Monday,52,12,December,4,Q4,2015,False,2016,4
20151222,2015-12-22,22,Tuesday,52,12,December,4,Q4,2015,False,2016,4
20151223,2015-12-23,23,Wednesday,52,12,December,4,Q4,2015,False,2016,4
20151224,2015-12-24,24,Thursday,52,12,December,4,Q4,2015,False,2016,4
20151225,2015-12-25,25,Friday,52,12,December,4,Q4,2015,False,2016,4
20151226,2015-12-26,26,Saturday,52,12,December,4,Q4,2015,True,2016,4
20151227,2015-12-27,27,Sunday,52,12,December,4,Q4,2015,True,2016,4
20151228,2015-12-28,28,Monday,53,12,December,4,Q4,2015,False,2016,4
20151229,2015-12-29,29,Tuesday,53,12,December,4,Q4,2015,False,2016,4
20151230,2015-12-30,30,Wednesday,53,12,December,4,Q4,2015,False,2016,4
20151231,2015-12-31,31,Thursday,53,12,December,4,Q4,2015,False,2016,4
20160101,2016-01-01,1,Friday,53,1,January,1,Q1,2016,False,2016,1
20160102,2016-01-02,2,Saturday,53,1,January,1,Q1,2016,True,2016,1
20160103,2016-01-03,3,Sunday,53,1,January,1,Q1,2016,True,2016,1
20160104,2016-01-04,4,Monday,1,1,January,1,Q1,2016,False,2016,1
20160105,2016-01-05,5,Tuesday,1,1,January,1,Q1,2016,False,2016,1
20160106,2016-01-06,6,Wednesday,1,1,January,1,Q1,2016,False,2016,1
20160107,2016-01-07,7,Thursday,1,1,January,1,Q1,2016,False,2016,1
20160108,2016-01-08,8,Friday,1,1,January,1,Q1,2016,False,2016,1
20160109,2016-01-09,9,Saturday,1,1,January,1,Q1,2016,True,2016,1
20160110,2016-01-10,10,Sunday,1,1,January,1,Q1,2016,True,2016,1
20160111,2016-01-11,11,Monday,2,1,January,1,Q1,2016,False,2016,1
20160112,2016-01-12,12,Tuesday,2,1,January,1,Q1,2016,False,2016,1
20160113,2016-01-13,13,Wednesday,2,1,January,1,Q1,2016,False,2016,1
20160114,2016-01-14,14,Thursday,2,1,January,1,Q1,2016,False,2016,1
20160115,2016-01-15,15,Friday,2,1,January,1,Q1,2016,False,2016,1
20160116,2016-01-16,16,Saturday,2,1,January,1,Q1,2016,True,2016,1
20160117,2016-01-17,17,Sunday,2,1,January,1,Q1,2016,True,2016,1
20160118,2016-01-18,18,Monday,3,1,January,1,Q1,2016,False,2016,1
20160119,2016-01-19,19,Tuesday,3,1,January,1,Q1,2016,False,2016,1
20160120,2016-01-20,20,Wednesday,3,1,January,1,Q1,2016,False,2016,1
20160121,2016-01-21,21,Thursday,3,1,January,1,Q1,2016,False,2016,1
20160122,2016-01-22,22,Friday,3,1,January,1,Q1,2016,False,2016,1
20160123,2016-01-23,23,Saturday,3,1,January,1,Q1,2016,True,2016,1
20160124,2016-01-24,24,Sunday,3,1,January,1,Q1,2016,True,2016,1
20160125,2016-01-25,25,Monday,4,1,January,1,Q1,2016,False,2016,1
20160126,2016-01-26,26,Tuesday,4,1,January,1,Q1,2016,False,2016,1
20160127,2016-01-27,27,Wednesday,4,1,January,1,Q1,2016,False,2016,1
20160128,2016-01-28,28,Thursday,4,1,January,1,Q1,2016,False,2016,1
20160129,2016-01-29,29,Friday,4,1,January,1,Q1,2016,False,2016,1
20160130,2016-01-30,30,Saturday,4,1,January,1,Q1,2016,True,2016,1
20160131,2016-01-31,31,Sunday,4,1,January,1,Q1,2016,True,2016,1
20160201,2016-02-01,1,Monday,5,2,February,1,Q1,2016,False,2016,1
20160202,2016-02-02,2,Tuesday,5,2,February,1,Q1,2016,False,2016,1
20160203,2016-02-03,3,Wednesday,5,2,February,1,Q1,2016,False,2016,1
20160204,2016-02-04,4,Thursday,5,2,February,1,Q1,2016,False,2016,1
20160205,2016-02-05,5,Friday,5,2,February,1,Q1,2016,False,2016,1
20160206,2016-02-06,6,Saturday,5,2,February,1,Q1,2016,True,2016,1
20160207,2016-02-07,7,Sunday,5,2,February,1,Q1,2016,True,2016,1
20160208,2016-02-08,8,Monday,6,2,February,1,Q1,2016,False,2016,1
20160209,2016-02-09,9,Tuesday,6,2,February,1,Q1,2016,False,2016,1
20160210,2016-02-10,10,Wednesday,6,2,February,1,Q1,2016,False,2016,1
20160211,2016-02-11,11,Thursday,6,2,February,1,Q1,2016,False,2016,1
20160212,2016-02-12,12,Friday,6,2,February,1,Q1,2016,False,2016,1
20160213,2016-02-13,13,Saturday,6,2,February,1,Q1,2016,True,2016,1
20160214,2016-02-14,14,Sunday,6,2,February,1,Q1,2016,True,2016,1
20160215,2016-02-15,15,Monday,7,2,February,1,Q1,2016,False,2016,1
20160216,2016-02-16,16,Tuesday,7,2,February,1,Q1,2016,False,2016,1
20160217,2016-02-17,17,Wednesday,7,2,February,1,Q1,2016,False,2016,1
20160218,2016-02-18,18,Thursday,7,2,February,1,Q1,2016,False,2016,1
20160219,2016-02-19,19,Friday,7,2,February,1,Q1,2016,False,2016,1
20160220,2016-02-20,20,Saturday,7,2,February,1,Q1,2016,True,2016,1
20160221,2016-02-21,21,Sunday,7,2,February,1,Q1,2016,True,2016,1
20160222,2016-02-22,22,Monday,8,2,February,1,Q1,2016,False,2016,1
20160223,2016-02-23,23,Tuesday,8,2,February,1,Q1,2016,False,2016,1
20160224,2016-02-24,24,Wednesday,8,2,February,1,Q1,2016,False,2016,1
20160225,2016-02-25,25,Thursday,8,2,February,1,Q1,2016,False,2016,1
20160226,2016-02-26,26,Friday,8,2,February,1,Q1,2016,False,2016,1
20160227,2016-02-27,27,Saturday,8,2,February,1,Q1,2016,True,2016,1
20160228,2016-02-28,28,Sunday,8,2,February,1,Q1,2016,True,2016,1
20160229,2016-02-29,29,Monday,9,2,February,1,Q1,2016,False,2016,1
20160301,2016-03-01,1,Tuesday,9,3,March,1,Q1,2016,False,2016,1
20160302,2016-03-02,2,Wednesday,9,3,March,1,Q1,2016,False,2016,1
20160303,2016-03-03,3,Thursday,9,3,March,1,Q1,2016,False,2016,1
20160304,2016-03-04,4,Friday,9,3,March,1,Q1,2016,False,2016,1
20160305,2016-03-05,5,Saturday,9,3,March,1,Q1,2016,True,2016,1
20160306,2016-03-06,6,Sunday,9,3,March,1,Q1,2016,True,2016,1
20160307,2016-03-07,7,Monday,10,3,March,1,Q1,2016,False,2016,1
20160308,2016-03-08,8,Tuesday,10,3,March,1,Q1,2016,False,2016,1
20160309,2016-03-09,9,Wednesday,10,3,March,1,Q1,2016,False,2016,1
20160310,2016-03-10,10,Thursday,10,3,March,1,Q1,2016,False,2016,1
20160311,2016-03-11,11,Friday,10,3,March,1,Q1,2016,False,2016,1
20160312,2016-03-12,12,Saturday,10,3,March,1,Q1,2016,True,2016,1
20160313,2016-03-13,13,Sunday,10,3,March,1,Q1,2016,True,2016,1
20160314,2016-03-14,14,Monday,11,3,March,1,Q1,2016,False,2016,1
20160315,2016-03-15,15,Tuesday,11,3,March,1,Q1,2016,False,2016,1
20160316,2016-03-16,16,Wednesday,11,3,March,1,Q1,2016,False,2016,1
20160317,2016-03-17,17,Thursday,11,3,March,1,Q1,2016,False,2016,1
20160318,2016-03-18,18,Friday,11,3,March,1,Q1,2016,False,2016,1
20160319,2016-03-19,19,Saturday,11,3,March,1,Q1,2016,True,2016,1
20160320,2016-03-20,20,Sunday,11,3,March,1,Q1,2016,True,2016,1
20160321,2016-03-21,21,Monday,12,3,March,1,Q1,2016,False,2016,1
20160322,2016-03-22,22,Tuesday,12,3,March,1,Q1,2016,False,2016,1
20160323,2016-03-23,23,Wednesday,12,3,March,1,Q1,2016,False,2016,1
20160324,2016-03-24,24,Thursday,12,3,March,1,Q1,2016,False,2016,1
20160325,2016-03-25,25,Friday,12,3,March,1,Q1,2016,False,2016,1
20160326,2016-03-26,26,Saturday,12,3,March,1,Q1,2016,True,2016,1
20160327,2016-03-27,27,Sunday,12,3,March,1,Q1,2016,True,2016,1
20160328,2016-03-28,28,Monday,13,3,March,1,Q1,2016,False,2016,1
20160329,2016-03-29,29,Tuesday,13,3,March,1,Q1,2016,False,2016,1
20160330,2016-03-30,30,Wednesday,13,3,March,1,Q1,2016,False,2016,1
20160331,2016-03-31,31,Thursday,13,3,March,1,Q1,2016,False,2016,1
20160401,2016-04-01,1,Friday,13,4,April,2,Q2,2016,False,2016,2
20160402,2016-04-02,2,Saturday,13,4,April,2,Q2,2016,True,2016,2
20160403,2016-04-03,3,Sunday,13,4,April,2,Q2,2016,True,2016,2
20160404,2016-04-04,4,Monday,14,4,April,2,Q2,2016,False,2016,2
20160405,2016-04-05,5,Tuesday,14,4,April,2,Q2,2016,False,2016,2
20160406,2016-04-06,6,Wednesday,14,4,April,2,Q2,2016,False,2016,2
20160407,2016-04-07,7,Thursday,14,4,April,2,Q2,2016,False,2016,2
20160408,2016-04-08,8,Friday,14,4,April,2,Q2,2016,False,2016,2
20160409,2016-04-09,9,Saturday,14,4,April,2,Q2,2016,True,2016,2
20160410,2016-04-10,10,Sunday,14,4,April,2,Q2,2016,True,2016,2
20160411,2016-04-11,11,Monday,15,4,April,2,Q2,2016,False,2016,2
20160412,2016-04-12,12,Tuesday,15,4,April,2,Q2,2016,False,2016,2
20160413,2016-04-13,13,Wednesday,15,4,April,2,Q2,2016,False,2016,2
20160414,2016-04-14,14,Thursday,15,4,April,2,Q2,2016,False,2016,2
20160415,2016-04-15,15,Friday,15,4,April,2,Q2,2016,False,2016,2
20160416,2016-04-16,16,Saturday,15,4,April,2,Q2,2016,True,2016,2
20160417,2016-04-17,17,Sunday,15,4,April,2,Q2,2016,True,2016,2
20160418,2016-04-18,18,Monday,16,4,April,2,Q2,2016,False,2016,2
20160419,2016-04-19,19,Tuesday,16,4,April,2,Q2,2016,False,2016,2
20160420,2016-04-20,20,Wednesday,16,4,April,2,Q2,2016,False,2016,2
20160421,2016-04-21,21,Thursday,16,4,April,2,Q2,2016,False,2016,2
20160422,2016-04-22,22,Friday,16,4,April,2,Q2,2016,False,2016,2
20160423,2016-04-23,23,Saturday,16,4,April,2,Q2,2016,True,2016,2
20160424,2016-04-24,24,Sunday,16,4,April,2,Q2,2016,True,2016,2
20160425,2016-04-25,25,Monday,17,4,April,2,Q2,2016,False,2016,2
20160426,2016-04-26,26,Tuesday,17,4,April,2,Q2,2016,False,2016,2
20160427,2016-04-27,27,Wednesday,17,4,April,2,Q2,2016,False,2016,2
20160428,2016-04-28,28,Thursday,17,4,April,2,Q2,2016,False,2016,2
20160429,2016-04-29,29,Friday,17,4,April,2,Q2,2016,False,2016,2
20160430,2016-04-30,30,Saturday,17,4,April,2,Q2,2016,True,2016,2
20160501,2016-05-01,1,Sunday,17,5,May,2,Q2,2016,True,2016,2
20160502,2016-05-02,2,Monday,18,5,May,2,Q2,2016,False,2016,2
20160503,2016-05-03,3,Tuesday,18,5,May,2,Q2,2016,False,2016,2
20160504,2016-05-04,4,Wednesday,18,5,May,2,Q2,2016,False,2016,2
20160505,2016-05-05,5,Thursday,18,5,May,2,Q2,2016,False,2016,2
20160506,2016-05-06,6,Friday,18,5,May,2,Q2,2016,False,2016,2
20160507,2016-05-07,7,Saturday,18,5,May,2,Q2,2016,True,2016,2
20160508,2016-05-08,8,Sunday,18,5,May,2,Q2,2016,True,2016,2
20160509,2016-05-09,9,Monday,19,5,May,2,Q2,2016,False,2016,2
20160510,2016-05-10,10,Tuesday,19,5,May,2,Q2,2016,False,2016,2
20160511,2016-05-11,11,Wednesday,19,5,May,2,Q2,2016,False,2016,2
20160512,2016-05-12,12,Thursday,19,5,May,2,Q2,2016,False,2016,2
20160513,2016-05-13,13,Friday,19,5,May,2,Q2,2016,False,2016,2
20160514,2016-05-14,14,Saturday,19,5,May,2,Q2,2016,True,2016,2
20160515,2016-05-15,15,Sunday,19,5,May,2,Q2,2016,True,2016,2
20160516,2016-05-16,16,Monday,20,5,May,2,Q2,2016,False,2016,2
20160517,2016-05-17,17,Tuesday,20,5,May,2,Q2,2016,False,2016,2
20160518,2016-05-18,18,Wednesday,20,5,May,2,Q2,2016,False,2016,2
20160519,2016-05-19,19,Thursday,20,5,May,2,Q2,2016,False,2016,2
20160520,2016-05-20,20,Friday,20,5,May,2,Q2,2016,False,2016,2
20160521,2016-05-21,21,Saturday,20,5,May,2,Q2,2016,True,2016,2
20160522,2016-05-22,22,Sunday,20,5,May,2,Q2,2016,True,2016,2
20160523,2016-05-23,23,Monday,21,5,May,2,Q2,2016,False,2016,2
20160524,2016-05-24,24,Tuesday,21,5,May,2,Q2,2016,False,2016,2
20160525,2016-05-25,25,Wednesday,21,5,May,2,Q2,2016,False,2016,2
20160526,2016-05-26,26,Thursday,21,5,May,2,Q2,2016,False,2016,2
20160527,2016-05-27,27,Friday,21,5,May,2,Q2,2016,False,2016,2
20160528,2016-05-28,28,Saturday,21,5,May,2,Q2,2016,True,2016,2
20160529,2016-05-29,29,Sunday,21,5,May,2,Q2,2016,True,2016,2
20160530,2016-05-30,30,Monday,22,5,May,2,Q2,2016,False,2016,2
20160531,2016-05-31,31,Tuesday,22,5,May,2,Q2,2016,False,2016,2
20160601,2016-06-01,1,Wednesday,22,6,June,2,Q2,2016,False,2016,2
20160602,2016-06-02,2,Thursday,22,6,June,2,Q2,2016,False,2016,2
20160603,2016-06-03,3,Friday,22,6,June,2,Q2,2016,False,2016,2
20160604,2016-06-04,4,Saturday,22,6,June,2,Q2,2016,True,2016,2
20160605,2016-06-05,5,Sunday,22,6,June,2,Q2,2016,True,2016,2
20160606,2016-06-06,6,Monday,23,6,June,2,Q2,2016,False,2016,2
20160607,2016-06-07,7,Tuesday,23,6,June,2,Q2,2016,False,2016,2
20160608,2016-06-08,8,Wednesday,23,6,June,2,Q2,2016,False,2016,2
20160609,2016-06-09,9,Thursday,23,6,June,2,Q2,2016,False,2016,2
20160610,2016-06-10,10,Friday,23,6,June,2,Q2,2016,False,2016,2
20160611,2016-06-11,11,Saturday,23,6,June,2,Q2,2016,True,2016,2
20160612,2016-06-12,12,Sunday,23,6,June,2,Q2,2016,True,2016,2
20160613,2016-06-13,13,Monday,24,6,June,2,Q2,2016,False,2016,2
20160614,2016-06-14,14,Tuesday,24,6,June,2,Q2,2016,False,2016,2
20160615,2016-06-15,15,Wednesday,24,6,June,2,Q2,2016,False,2016,2
20160616,2016-06-16,16,Thursday,24,6,June,2,Q2,2016,False,2016,2
20160617,2016-06-17,17,Friday,24,6,June,2,Q2,2016,False,2016,2
20160618,2016-06-18,18,Saturday,24,6,June,2,Q2,2016,True,2016,2
20160619,2016-06-19,19,Sunday,24,6,June,2,Q2,2016,True,2016,2
20160620,2016-06-20,20,Monday,25,6,June,2,Q2,2016,False,2016,2
20160621,2016-06-21,21,Tuesday,25,6,June,2,Q2,2016,False,2016,2
20160622,2016-06-22,22,Wednesday,25,6,June,2,Q2,2016,False,2016,2
20160623,2016-06-23,23,Thursday,25,6,June,2,Q2,2016,False,2016,2
20160624,2016-06-24,24,Friday,25,6,June,2,Q2,2016,False,2016,2
20160625,2016-06-25,25,Saturday,25,6,June,2,Q2,2016,True,2016,2
20160626,2016-06-26,26,Sunday,25,6,June,2,Q2,2016,True,2016,2
20160627,2016-06-27,27,Monday,26,6,June,2,Q2,2016,False,2016,2
20160628,2016-06-28,28,Tuesday,26,6,June,2,Q2,2016,False,2016,2
20160629,2016-06-29,29,Wednesday,26,6,June,2,Q2,2016,False,2016,2
20160630,2016-06-30,30,Thursday,26,6,June,2,Q2,2016,False,2016,2
20160701,2016-07-01,1,Friday,26,7,July,3,Q3,2016,False,2016,3
20160702,2016-07-02,2,Saturday,26,7,July,3,Q3,2016,True,2016,3
20160703,2016-07-03,3,Sunday,26,7,July,3,Q3,2016,True,2016,3
20160704,2016-07-04,4,Monday,27,7,July,3,Q3,2016,False,2016,3
20160705,2016-07-05,5,Tuesday,27,7,July,3,Q3,2016,False,2016,3
20160706,2016-07-06,6,Wednesday,27,7,July,3,Q3,2016,False,2016,3
20160707,2016-07-07,7,Thursday,27,7,July,3,Q3,2016,False,2016,3
20160708,2016-07-08,8,Friday,27,7,July,3,Q3,2016,False,2016,3
20160709,2016-07-09,9,Saturday,27,7,July,3,Q3,2016,True,2016,3
20160710,2016-07-10,10,Sunday,27,7,July,3,Q3,2016,True,2016,3
20160711,2016-07-11,11,Monday,28,7,July,3,Q3,2016,False,2016,3
20160712,2016-07-12,12,Tuesday,28,7,July,3,Q3,2016,False,2016,3
20160713,2016-07-13,13,Wednesday,28,7,July,3,Q3,2016,False,2016,3
20160714,2016-07-14,14,Thursday,28,7,July,3,Q3,2016,False,2016,3
20160715,2016-07-15,15,Friday,28,7,July,3,Q3,2016,False,2016,3
20160716,2016-07-16,16,Saturday,28,7,July,3,Q3,2016,True,2016,3
20160717,2016-07-17,17,Sunday,28,7,July,3,Q3,2016,True,2016,3
20160718,2016-07-18,18,Monday,29,7,July,3,Q3,2016,False,2016,3
20160719,2016-07-19,19,Tuesday,29,7,July,3,Q3,2016,False,2016,3
20160720,2016-07-20,20,Wednesday,29,7,July,3,Q3,2016,False,2016,3
20160721,2016-07-21,21,Thursday,29,7,July,3,Q3,2016,False,2016,3
20160722,2016-07-22,22,Friday,29,7,July,3,Q3,2016,False,2016,3
20160723,2016-07-23,23,Saturday,29,7,July,3,Q3,2016,True,2016,3
20160724,2016-07-24,24,Sunday,29,7,July,3,Q3,2016,True,2016,3
20160725,2016-07-25,25,Monday,30,7,July,3,Q3,2016,False,2016,3
20160726,2016-07-26,26,Tuesday,30,7,July,3,Q3,2016,False,2016,3
20160727,2016-07-27,27,Wednesday,30,7,July,3,Q3,2016,False,2016,3
20160728,2016-07-28,28,Thursday,30,7,July,3,Q3,2016,False,2016,3
20160729,2016-07-29,29,Friday,30,7,July,3,Q3,2016,False,2016,3
20160730,2016-07-30,30,Saturday,30,7,July,3,Q3,2016,True,2016,3
20160731,2016-07-31,31,Sunday,30,7,July,3,Q3,2016,True,2016,3
20160801,2016-08-01,1,Monday,31,8,August,3,Q3,2016,False,2016,3
20160802,2016-08-02,2,Tuesday,31,8,August,3,Q3,2016,False,2016,3
20160803,2016-08-03,3,Wednesday,31,8,August,3,Q3,2016,False,2016,3
20160804,2016-08-04,4,Thursday,31,8,August,3,Q3,2016,False,2016,3
20160805,2016-08-05,5,Friday,31,8,August,3,Q3,2016,False,2016,3
20160806,2016-08-06,6,Saturday,31,8,August,3,Q3,2016,True,2016,3
20160807,2016-08-07,7,Sunday,31,8,August,3,Q3,2016,True,2016,3
20160808,2016-08-08,8,Monday,32,8,August,3,Q3,2016,False,2016,3
20160809,2016-08-09,9,Tuesday,32,8,August,3,Q3,2016,False,2016,3
20160810,2016-08-10,10,Wednesday,32,8,August,3,Q3,2016,False,2016,3
20160811,2016-08-11,11,Thursday,32,8,August,3,Q3,2016,False,2016,3
20160812,2016-08-12,12,Friday,32,8,August,3,Q3,2016,False,2016,3
20160813,2016-08-13,13,Saturday,32,8,August,3,Q3,2016,True,2016,3
20160814,2016-08-14,14,Sunday,32,8,August,3,Q3,2016,True,2016,3
20160815,2016-08-15,15,Monday,33,8,August,3,Q3,2016,False,2016,3
20160816,2016-08-16,16,Tuesday,33,8,August,3,Q3,2016,False,2016,3
20160817,2016-08-17,17,Wednesday,33,8,August,3,Q3,2016,False,2016,3
20160818,2016-08-18,18,Thursday,33,8,August,3,Q3,2016,False,2016,3
20160819,2016-08-19,19,Friday,33,8,August,3,Q3,2016,False,2016,3
20160820,2016-08-20,20,Saturday,33,8,August,3,Q3,2016,True,2016,3
20160821,2016-08-21,21,Sunday,33,8,August,3,Q3,2016,True,2016,3
20160822,2016-08-22,22,Monday,34,8,August,3,Q3,2016,False,2016,3
20160823,2016-08-23,23,Tuesday,34,8,August,3,Q3,2016,False,2016,3
20160824,2016-08-24,24,Wednesday,34,8,August,3,Q3,2016,False,2016,3
20160825,2016-08-25,25,Thursday,34,8,August,3,Q3,2016,False,2016,3
20160826,2016-08-26,26,Friday,34,8,August,3,Q3,2016,False,2016,3
20160827,2016-08-27,27,Saturday,34,8,August,3,Q3,2016,True,2016,3
20160828,2016-08-28,28,Sunday,34,8,August,3,Q3,2016,True,2016,3
20160829,2016-08-29,29,Monday,35,8,August,3,Q3,2016,False,2016,3
20160830,2016-08-30,30,Tuesday,35,8,August,3,Q3,2016,False,2016,3
20160831,2016-08-31,31,Wednesday,35,8,August,3,Q3,2016,False,2016,3
20160901,2016-09-01,1,Thursday,35,9,September,3,Q3,2016,False,2016,3
20160902,2016-09-02,2,Friday,35,9,September,3,Q3,2016,False,2016,3
20160903,2016-09-03,3,Saturday,35,9,September,3,Q3,2016,True,2016,3
20160904,2016-09-04,4,Sunday,35,9,September,3,Q3,2016,True,2016,3
20160905,2016-09-05,5,Monday,36,9,September,3,Q3,2016,False,2016,3
20160906,2016-09-06,6,Tuesday,36,9,September,3,Q3,2016,False,2016,3
20160907,2016-09-07,7,Wednesday,36,9,September,3,Q3,2016,False,2016,3
20160908,2016-09-08,8,Thursday,36,9,September,3,Q3,2016,False,2016,3
20160909,2016-09-09,9,Friday,36,9,September,3,Q3,2016,False,2016,3
20160910,2016-09-10,10,Saturday,36,9,September,3,Q3,2016,True,2016,3
20160911,2016-09-11,11,Sunday,36,9,September,3,Q3,2016,True,2016,3
20160912,2016-09-12,12,Monday,37,9,September,3,Q3,2016,False,2016,3
20160913,2016-09-13,13,Tuesday,37,9,September,3,Q3,2016,False,2016,3
20160914,2016-09-14,14,Wednesday,37,9,September,3,Q3,2016,False,2016,3
20160915,2016-09-15,15,Thursday,37,9,September,3,Q3,2016,False,2016,3
20160916,2016-09-16,16,Friday,37,9,September,3,Q3,2016,False,2016,3
20160917,2016-09-17,17,Saturday,37,9,September,3,Q3,2016,True,2016,3
20160918,2016-09-18,18,Sunday,37,9,September,3,Q3,2016,True,2016,3
20160919,2016-09-19,19,Monday,38,9,September,3,Q3,2016,False,2016,3
20160920,2016-09-20,20,Tuesday,38,9,September,3,Q3,2016,False,2016,3
20160921,2016-09-21,21,Wednesday,38,9,September,3,Q3,2016,False,2016,3
20160922,2016-09-22,22,Thursday,38,9,September,3,Q3,2016,False,2016,3
20160923,2016-09-23,23,Friday,38,9,September,3,Q3,2016,False,2016,3
20160924,2016-09-24,24,Saturday,38,9,September,3,Q3,2016,True,2016,3
20160925,2016-09-25,25,Sunday,38,9,September,3,Q3,2016,True,2016,3
20160926,2016-09-26,26,Monday,39,9,September,3,Q3,2016,False,2016,3
20160927,2016-09-27,27,Tuesday,39,9,September,3,Q3,2016,False,2016,3
20160928,2016-09-28,28,Wednesday,39,9,September,3,Q3,2016,False,2016,3
20160929,2016-09-29,29,Thursday,39,9,September,3,Q3,2016,False,2016,3
20160930,2016-09-30,30,Friday,39,9,September,3,Q3,2016,False,2016,3
20161001,2016-10-01,1,Saturday,39,10,October,4,Q4,2016,True,2017,4
20161002,2016-10-02,2,Sunday,39,10,October,4,Q4,2016,True,2017,4
20161003,2016-10-03,3,Monday,40,10,October,4,Q4,2016,False,2017,4
20161004,2016-10-04,4,Tuesday,40,10,October,4,Q4,2016,False,2017,4
20161005,2016-10-05,5,Wednesday,40,10,October,4,Q4,2016,False,2017,4
20161006,2016-10-06,6,Thursday,40,10,October,4,Q4,2016,False,2017,4
20161007,2016-10-07,7,Friday,40,10,October,4,Q4,2016,False,2017,4
20161008,2016-10-08,8,Saturday,40,10,October,4,Q4,2016,True,2017,4
20161009,2016-10-09,9,Sunday,40,10,October,4,Q4,2016,True,2017,4
20161010,2016-10-10,10,Monday,41,10,October,4,Q4,2016,False,2017,4
20161011,2016-10-11,11,Tuesday,41,10,October,4,Q4,2016,False,2017,4
20161012,2016-10-12,12,Wednesday,41,10,October,4,Q4,2016,False,2017,4
20161013,2016-10-13,13,Thursday,41,10,October,4,Q4,2016,False,2017,4
20161014,2016-10-14,14,Friday,41,10,October,4,Q4,2016,False,2017,4
20161015,2016-10-15,15,Saturday,41,10,October,4,Q4,2016,True,2017,4
20161016,2016-10-16,16,Sunday,41,10,October,4,Q4,2016,True,2017,4
20161017,2016-10-17,17,Monday,42,10,October,4,Q4,2016,False,2017,4
20161018,2016-10-18,18,Tuesday,42,10,October,4,Q4,2016,False,2017,4
20161019,2016-10-19,19,Wednesday,42,10,October,4,Q4,2016,False,2017,4
20161020,2016-10-20,20,Thursday,42,10,October,4,Q4,2016,False,2017,4
20161021,2016-10-21,21,Friday,42,10,October,4,Q4,2016,False,2017,4
20161022,2016-10-22,22,Saturday,42,10,October,4,Q4,2016,True,2017,4
20161023,2016-10-23,23,Sunday,42,10,October,4,Q4,2016,True,2017,4
20161024,2016-10-24,24,Monday,43,10,October,4,Q4,2016,False,2017,4
20161025,2016-10-25,25,Tuesday,43,10,October,4,Q4,2016,False,2017,4
20161026,2016-10-26,26,Wednesday,43,10,October,4,Q4,2016,False,2017,4
20161027,2016-10-27,27,Thursday,43,10,October,4,Q4,2016,False,2017,4
20161028,2016-10-28,28,Friday,43,10,October,4,Q4,2016,False,2017,4
20161029,2016-10-29,29,Saturday,43,10,October,4,Q4,2016,True,2017,4
20161030,2016-10-30,30,Sunday,43,10,October,4,Q4,2016,True,2017,4
20161031,2016-10-31,31,Monday,44,10,October,4,Q4,2016,False,2017,4
20161101,2016-11-01,1,Tuesday,44,11,November,4,Q4,2016,False,2017,4
20161102,2016-11-02,2,Wednesday,44,11,November,4,Q4,2016,False,2017,4
20161103,2016-11-03,3,Thursday,44,11,November,4,Q4,2016,False,2017,4
20161104,2016-11-04,4,Friday,44,11,November,4,Q4,2016,False,2017,4
20161105,2016-11-05,5,Saturday,44,11,November,4,Q4,2016,True,2017,4
20161106,2016-11-06,6,Sunday,44,11,November,4,Q4,2016,True,2017,4
20161107,2016-11-07,7,Monday,45,11,November,4,Q4,2016,False,2017,4
20161108,2016-11-08,8,Tuesday,45,11,November,4,Q4,2016,False,2017,4
20161109,2016-11-09,9,Wednesday,45,11,November,4,Q4,2016,False,2017,4
20161110,2016-11-10,10,Thursday,45,11,November,4,Q4,2016,False,2017,4
20161111,2016-11-11,11,Friday,45,11,November,4,Q4,2016,False,2017,4
20161112,2016-11-12,12,Saturday,45,11,November,4,Q4,2016,True,2017,4
20161113,2016-11-13,13,Sunday,45,11,November,4,Q4,2016,True,2017,4
20161114,2016-11-14,14,Monday,46,11,November,4,Q4,2016,False,2017,4
20161115,2016-11-15,15,Tuesday,46,11,November,4,Q4,2016,False,2017,4
20161116,2016-11-16,16,Wednesday,46,11,November,4,Q4,2016,False,2017,4
20161117,2016-11-17,17,Thursday,46,11,November,4,Q4,2016,False,2017,4
20161118,2016-11-18,18,Friday,46,11,November,4,Q4,2016,False,2017,4
20161119,2016-11-19,19,Saturday,46,11,November,4,Q4,2016,True,2017,4
20161120,2016-11-20,20,Sunday,46,11,November,4,Q4,2016,True,2017,4
20161121,2016-11-21,21,Monday,47,11,November,4,Q4,2016,False,2017,4
20161122,2016-11-22,22,Tuesday,47,11,November,4,Q4,2016,False,2017,4
20161123,2016-11-23,23,Wednesday,47,11,November,4,Q4,2016,False,2017,4
20161124,2016-11-24,24,Thursday,47,11,November,4,Q4,2016,False,2017,4
20161125,2016-11-25,25,Friday,47,11,November,4,Q4,2016,False,2017,4
20161126,2016-11-26,26,Saturday,47,11,November,4,Q4,2016,True,2017,4
20161127,2016-11-27,27,Sunday,47,11,November,4,Q4,2016,True,2017,4
20161128,2016-11-28,28,Monday,48,11,November,4,Q4,2016,False,2017,4
20161129,2016-11-29,29,Tuesday,48,11,November,4,Q4,2016,False,2017,4
20161130,2016-11-30,30,Wednesday,48,11,November,4,Q4,2016,False,2017,4
20161201,2016-12-01,1,Thursday,48,12,December,4,Q4,2016,False,2017,4
20161202,2016-12-02,2,Friday,48,12,December,4,Q4,2016,False,2017,4
20161203,2016-12-03,3,Saturday,48,12,December,4,Q4,2016,True,2017,4
20161204,2016-12-04,4,Sunday,48,12,December,4,Q4,2016,True,2017,4
20161205,2016-12-05,5,Monday,49,12,December,4,Q4,2016,False,2017,4
20161206,2016-12-06,6,Tuesday,49,12,December,4,Q4,2016,False,2017,4
20161207,2016-12-07,7,Wednesday,49,12,December,4,Q4,2016,False,2017,4
20161208,2016-12-08,8,Thursday,49,12,December,4,Q4,2016,False,2017,4
20161209,2016-12-09,9,Friday,49,12,December,4,Q4,2016,False,2017,4
20161210,2016-12-10,10,Saturday,49,12,December,4,Q4,2016,True,2017,4
20161211,2016-12-11,11,Sunday,49,12,December,4,Q4,2016,True,2017,4
20161212,2016-12-12,12,Monday,50,12,December,4,Q4,2016,False,2017,4
20161213,2016-12-13,13,Tuesday,50,12,December,4,Q4,2016,False,2017,4
20161214,2016-12-14,14,Wednesday,50,12,December,4,Q4,2016,False,2017,4
20161215,2016-12-15,15,Thursday,50,12,December,4,Q4,2016,False,2017,4
20161216,2016-12-16,16,Friday,50,12,December,4,Q4,2016,False,2017,4
20161217,2016-12-17,17,Saturday,50,12,December,4,Q4,2016,True,2017,4
20161218,2016-12-18,18,Sunday,50,12,December,4,Q4,2016,True,2017,4
20161219,2016-12-19,19,Monday,51,12,December,4,Q4,2016,False,2017,4
20161220,2016-12-20,20,Tuesday,51,12,December,4,Q4,2016,False,2017,4
20161221,2016-12-21,21,Wednesday,51,12,December,4,Q4,2016,False,2017,4
20161222,2016-12-22,22,Thursday,51,12,December,4,Q4,2016,False,2017,4
20161223,2016-12-23,23,Friday,51,12,December,4,Q4,2016,False,2017,4
20161224,2016-12-24,24,Saturday,51,12,December,4,Q4,2016,True,2017,4
20161225,2016-12-25,25,Sunday,51,12,December,4,Q4,2016,True,2017,4
20161226,2016-12-26,26,Monday,52,12,December,4,Q4,2016,False,2017,4
20161227,2016-12-27,27,Tuesday,52,12,December,4,Q4,2016,False,2017,4
20161228,2016-12-28,28,Wednesday,52,12,December,4,Q4,2016,False,2017,4
20161229,2016-12-29,29,Thursday,52,12,December,4,Q4,2016,False,2017,4
20161230,2016-12-30,30,Friday,52,12,December,4,Q4,2016,False,2017,4
20161231,2016-12-31,31,Saturday,52,12,December,4,Q4,2016,True,2017,4
20170101,2017-01-01,1,Sunday,52,1,January,1,Q1,2017,True,2017,1
20170102,2017-01-02,2,Monday,1,1,January,1,Q1,2017,False,2017,1
20170103,2017-01-03,3,Tuesday,1,1,January,1,Q1,2017,False,2017,1
20170104,2017-01-04,4,Wednesday,1,1,January,1,Q1,2017,False,2017,1
20170105,2017-01-05,5,Thursday,1,1,January,1,Q1,2017,False,2017,1
20170106,2017-01-06,6,Friday,1,1,January,1,Q1,2017,False,2017,1
20170107,2017-01-07,7,Saturday,1,1,January,1,Q1,2017,True,2017,1
20170108,2017-01-08,8,Sunday,1,1,January,1,Q1,2017,True,2017,1
20170109,2017-01-09,9,Monday,2,1,January,1,Q1,2017,False,2017,1
20170110,2017-01-10,10,Tuesday,2,1,January,1,Q1,2017,False,2017,1
20170111,2017-01-11,11,Wednesday,2,1,January,1,Q1,2017,False,2017,1
20170112,2017-01-12,12,Thursday,2,1,January,1,Q1,2017,False,2017,1
20170113,2017-01-13,13,Friday,2,1,January,1,Q1,2017,False,2017,1
20170114,2017-01-14,14,Saturday,2,1,January,1,Q1,2017,True,2017,1
20170115,2017-01-15,15,Sunday,2,1,January,1,Q1,2017,True,2017,1
20170116,2017-01-16,16,Monday,3,1,January,1,Q1,2017,False,2017,1
20170117,2017-01-17,17,Tuesday,3,1,January,1,Q1,2017,False,2017,1
20170118,2017-01-18,18,Wednesday,3,1,January,1,Q1,2017,False,2017,1
20170119,2017-01-19,19,Thursday,3,1,January,1,Q1,2017,False,2017,1
20170120,2017-01-20,20,Friday,3,1,January,1,Q1,2017,False,2017,1
20170121,2017-01-21,21,Saturday,3,1,January,1,Q1,2017,True,2017,1
20170122,2017-01-22,22,Sunday,3,1,January,1,Q1,2017,True,2017,1
20170123,2017-01-23,23,Monday,4,1,January,1,Q1,2017,False,2017,1
20170124,2017-01-24,24,Tuesday,4,1,January,1,Q1,2017,False,2017,1
20170125,2017-01-25,25,Wednesday,4,1,January,1,Q1,2017,False,2017,1
20170126,2017-01-26,26,Thursday,4,1,January,1,Q1,2017,False,2017,1
20170127,2017-01-27,27,Friday,4,1,January,1,Q1,2017,False,2017,1
20170128,2017-01-28,28,Saturday,4,1,January,1,Q1,2017,True,2017,1
20170129,2017-01-29,29,Sunday,4,1,January,1,Q1,2017,True,2017,1
20170130,2017-01-30,30,Monday,5,1,January,1,Q1,2017,False,2017,1
20170131,2017-01-31,31,Tuesday,5,1,January,1,Q1,2017,False,2017,1
20170201,2017-02-01,1,Wednesday,5,2,February,1,Q1,2017,False,2017,1
20170202,2017-02-02,2,Thursday,5,2,February,1,Q1,2017,False,2017,1
20170203,2017-02-03,3,Friday,5,2,February,1,Q1,2017,False,2017,1
20170204,2017-02-04,4,Saturday,5,2,February,1,Q1,2017,True,2017,1
20170205,2017-02-05,5,Sunday,5,2,February,1,Q1,2017,True,2017,1
20170206,2017-02-06,6,Monday,6,2,February,1,Q1,2017,False,2017,1
20170207,2017-02-07,7,Tuesday,6,2,February,1,Q1,2017,False,2017,1
20170208,2017-02-08,8,Wednesday,6,2,February,1,Q1,2017,False,2017,1
20170209,2017-02-09,9,Thursday,6,2,February,1,Q1,2017,False,2017,1
20170210,2017-02-10,10,Friday,6,2,February,1,Q1,2017,False,2017,1
20170211,2017-02-11,11,Saturday,6,2,February,1,Q1,2017,True,2017,1
20170212,2017-02-12,12,Sunday,6,2,February,1,Q1,2017,True,2017,1
20170213,2017-02-13,13,Monday,7,2,February,1,Q1,2017,False,2017,1
20170214,2017-02-14,14,Tuesday,7,2,February,1,Q1,2017,False,2017,1
20170215,2017-02-15,15,Wednesday,7,2,February,1,Q1,2017,False,2017,1
20170216,2017-02-16,16,Thursday,7,2,February,1,Q1,2017,False,2017,1
20170217,2017-02-17,17,Friday,7,2,February,1,Q1,2017,False,2017,1
20170218,2017-02-18,18,Saturday,7,2,February,1,Q1,2017,True,2017,1
20170219,2017-02-19,19,Sunday,7,2,February,1,Q1,2017,True,2017,1
20170220,2017-02-20,20,Monday,8,2,February,1,Q1,2017,False,2017,1
20170221,2017-02-21,21,Tuesday,8,2,February,1,Q1,2017,False,2017,1
20170222,2017-02-22,22,Wednesday,8,2,February,1,Q1,2017,False,2017,1
20170223,2017-02-23,23,Thursday,8,2,February,1,Q1,2017,False,2017,1
20170224,2017-02-24,24,Friday,8,2,February,1,Q1,2017,False,2017,1
20170225,2017-02-25,25,Saturday,8,2,February,1,Q1,2017,True,2017,1
20170226,2017-02-26,26,Sunday,8,2,February,1,Q1,2017,True,2017,1
20170227,2017-02-27,27,Monday,9,2,February,1,Q1,2017,False,2017,1
20170228,2017-02-28,28,Tuesday,9,2,February,1,Q1,2017,False,2017,1
20170301,2017-03-01,1,Wednesday,9,3,March,1,Q1,2017,False,2017,1
20170302,2017-03-02,2,Thursday,9,3,March,1,Q1,2017,False,2017,1
20170303,2017-03-03,3,Friday,9,3,March,1,Q1,2017,False,2017,1
20170304,2017-03-04,4,Saturday,9,3,March,1,Q1,2017,True,2017,1
20170305,2017-03-05,5,Sunday,9,3,March,1,Q1,2017,True,2017,1
20170306,2017-03-06,6,Monday,10,3,March,1,Q1,2017,False,2017,1
20170307,2017-03-07,7,Tuesday,10,3,March,1,Q1,2017,False,2017,1
20170308,2017-03-08,8,Wednesday,10,3,March,1,Q1,2017,False,2017,1
20170309,2017-03-09,9,Thursday,10,3,March,1,Q1,2017,False,2017,1
20170310,2017-03-10,10,Friday,10,3,March,1,Q1,2017,False,2017,1
20170311,2017-03-11,11,Saturday,10,3,March,1,Q1,2017,True,2017,1
20170312,2017-03-12,12,Sunday,10,3,March,1,Q1,2017,True,2017,1
20170313,2017-03-13,13,Monday,11,3,March,1,Q1,2017,False,2017,1
20170314,2017-03-14,14,Tuesday,11,3,March,1,Q1,2017,False,2017,1
20170315,2017-03-15,15,Wednesday,11,3,March,1,Q1,2017,False,2017,1
20170316,2017-03-16,16,Thursday,11,3,March,1,Q1,2017,False,2017,1
20170317,2017-03-17,17,Friday,11,3,March,1,Q1,2017,False,2017,1
20170318,2017-03-18,18,Saturday,11,3,March,1,Q1,2017,True,2017,1
20170319,2017-03-19,19,Sunday,11,3,March,1,Q1,2017,True,2017,1
20170320,2017-03-20,20,Monday,12,3,March,1,Q1,2017,False,2017,1
20170321,2017-03-21,21,Tuesday,12,3,March,1,Q1,2017,False,2017,1
20170322,2017-03-22,22,Wednesday,12,3,March,1,Q1,2017,False,2017,1
20170323,2017-03-23,23,Thursday,12,3,March,1,Q1,2017,False,2017,1
20170324,2017-03-24,24,Friday,12,3,March,1,Q1,2017,False,2017,1
20170325,2017-03-25,25,Saturday,12,3,March,1,Q1,2017,True,2017,1
20170326,2017-03-26,26,Sunday,12,3,March,1,Q1,2017,True,2017,1
20170327,2017-03-27,27,Monday,13,3,March,1,Q1,2017,False,2017,1
20170328,2017-03-28,28,Tuesday,13,3,March,1,Q1,2017,False,2017,1
20170329,2017-03-29,29,Wednesday,13,3,March,1,Q1,2017,False,2017,1
20170330,2017-03-30,30,Thursday,13,3,March,1,Q1,2017,False,2017,1
20170331,2017-03-31,31,Friday,13,3,March,1,Q1,2017,False,2017,1
20170401,2017-04-01,1,Saturday,13,4,April,2,Q2,2017,True,2017,2
20170402,2017-04-02,2,Sunday,13,4,April,2,Q2,2017,True,2017,2
20170403,2017-04-03,3,Monday,14,4,April,2,Q2,2017,False,2017,2
20170404,2017-04-04,4,Tuesday,14,4,April,2,Q2,2017,False,2017,2
20170405,2017-04-05,5,Wednesday,14,4,April,2,Q2,2017,False,2017,2
20170406,2017-04-06,6,Thursday,14,4,April,2,Q2,2017,False,2017,2
20170407,2017-04-07,7,Friday,14,4,April,2,Q2,2017,False,2017,2
20170408,2017-04-08,8,Saturday,14,4,April,2,Q2,2017,True,2017,2
20170409,2017-04-09,9,Sunday,14,4,April,2,Q2,2017,True,2017,2
20170410,2017-04-10,10,Monday,15,4,April,2,Q2,2017,False,2017,2
20170411,2017-04-11,11,Tuesday,15,4,April,2,Q2,2017,False,2017,2
20170412,2017-04-12,12,Wednesday,15,4,April,2,Q2,2017,False,2017,2
20170413,2017-04-13,13,Thursday,15,4,April,2,Q2,2017,False,2017,2
20170414,2017-04-14,14,Friday,15,4,April,2,Q2,2017,False,2017,2
20170415,2017-04-15,15,Saturday,15,4,April,2,Q2,2017,True,2017,2
20170416,2017-04-16,16,Sunday,15,4,April,2,Q2,2017,True,2017,2
20170417,2017-04-17,17,Monday,16,4,April,2,Q2,2017,False,2017,2
20170418,2017-04-18,18,Tuesday,16,4,April,2,Q2,2017,False,2017,2
20170419,2017-04-19,19,Wednesday,16,4,April,2,Q2,2017,False,2017,2
20170420,2017-04-20,20,Thursday,16,4,April,2,Q2,2017,False,2017,2
20170421,2017-04-21,21,Friday,16,4,April,2,Q2,2017,False,2017,2
20170422,2017-04-22,22,Saturday,16,4,April,2,Q2,2017,True,2017,2
20170423,2017-04-23,23,Sunday,16,4,April,2,Q2,2017,True,2017,2
20170424,2017-04-24,24,Monday,17,4,April,2,Q2,2017,False,2017,2
20170425,2017-04-25,25,Tuesday,17,4,April,2,Q2,2017,False,2017,2
20170426,2017-04-26,26,Wednesday,17,4,April,2,Q2,2017,False,2017,2
20170427,2017-04-27,27,Thursday,17,4,April,2,Q2,2017,False,2017,2
20170428,2017-04-28,28,Friday,17,4,April,2,Q2,2017,False,2017,2
20170429,2017-04-29,29,Saturday,17,4,April,2,Q2,2017,True,2017,2
20170430,2017-04-30,30,Sunday,17,4,April,2,Q2,2017,True,2017,2
20170501,2017-05-01,1,Monday,18,5,May,2,Q2,2017,False,2017,2
20170502,2017-05-02,2,Tuesday,18,5,May,2,Q2,2017,False,2017,2
20170503,2017-05-03,3,Wednesday,18,5,May,2,Q2,2017,False,2017,2
20170504,2017-05-04,4,Thursday,18,5,May,2,Q2,2017,False,2017,2
20170505,2017-05-05,5,Friday,18,5,May,2,Q2,2017,False,2017,2
20170506,2017-05-06,6,Saturday,18,5,May,2,Q2,2017,True,2017,2
20170507,2017-05-07,7,Sunday,18,5,May,2,Q2,2017,True,2017,2
20170508,2017-05-08,8,Monday,19,5,May,2,Q2,2017,False,2017,2
20170509,2017-05-09,9,Tuesday,19,5,May,2,Q2,2017,False,2017,2
20170510,2017-05-10,10,Wednesday,19,5,May,2,Q2,2017,False,2017,2
20170511,2017-05-11,11,Thursday,19,5,May,2,Q2,2017,False,2017,2
20170512,2017-05-12,12,Friday,19,5,May,2,Q2,2017,False,2017,2
20170513,2017-05-13,13,Saturday,19,5,May,2,Q2,2017,True,2017,2
20170514,2017-05-14,14,Sunday,19,5,May,2,Q2,2017,True,2017,2
20170515,2017-05-15,15,Monday,20,5,May,2,Q2,2017,False,2017,2
20170516,2017-05-16,16,Tuesday,20,5,May,2,Q2,2017,False,2017,2
20170517,2017-05-17,17,Wednesday,20,5,May,2,Q2,2017,False,2017,2
20170518,2017-05-18,18,Thursday,20,5,May,2,Q2,2017,False,2017,2
20170519,2017-05-19,19,Friday,20,5,May,2,Q2,2017,False,2017,2
20170520,2017-05-20,20,Saturday,20,5,May,2,Q2,2017,True,2017,2
20170521,2017-05-21,21,Sunday,20,5,May,2,Q2,2017,True,2017,2
20170522,2017-05-22,22,Monday,21,5,May,2,Q2,2017,False,2017,2
20170523,2017-05-23,23,Tuesday,21,5,May,2,Q2,2017,False,2017,2
20170524,2017-05-24,24,Wednesday,21,5,May,2,Q2,2017,False,2017,2
20170525,2017-05-25,25,Thursday,21,5,May,2,Q2,2017,False,2017,2
20170526,2017-05-26,26,Friday,21,5,May,2,Q2,2017,False,2017,2
20170527,2017-05-27,27,Saturday,21,5,May,2,Q2,2017,True,2017,2
20170528,2017-05-28,28,Sunday,21,5,May,2,Q2,2017,True,2017,2
20170529,2017-05-29,29,Monday,22,5,May,2,Q2,2017,False,2017,2
20170530,2017-05-30,30,Tuesday,22,5,May,2,Q2,2017,False,2017,2
20170531,2017-05-31,31,Wednesday,22,5,May,2,Q2,2017,False,2017,2
20170601,2017-06-01,1,Thursday,22,6,June,2,Q2,2017,False,2017,2
20170602,2017-06-02,2,Friday,22,6,June,2,Q2,2017,False,2017,2
20170603,2017-06-03,3,Saturday,22,6,June,2,Q2,2017,True,2017,2
20170604,2017-06-04,4,Sunday,22,6,June,2,Q2,2017,True,2017,2
20170605,2017-06-05,5,Monday,23,6,June,2,Q2,2017,False,2017,2
20170606,2017-06-06,6,Tuesday,23,6,June,2,Q2,2017,False,2017,2
20170607,2017-06-07,7,Wednesday,23,6,June,2,Q2,2017,False,2017,2
20170608,2017-06-08,8,Thursday,23,6,June,2,Q2,2017,False,2017,2
20170609,2017-06-09,9,Friday,23,6,June,2,Q2,2017,False,2017,2
20170610,2017-06-10,10,Saturday,23,6,June,2,Q2,2017,True,2017,2
20170611,2017-06-11,11,Sunday,23,6,June,2,Q2,2017,True,2017,2
20170612,2017-06-12,12,Monday,24,6,June,2,Q2,2017,False,2017,2
20170613,2017-06-13,13,Tuesday,24,6,June,2,Q2,2017,False,2017,2
20170614,2017-06-14,14,Wednesday,24,6,June,2,Q2,2017,False,2017,2
20170615,2017-06-15,15,Thursday,24,6,June,2,Q2,2017,False,2017,2
20170616,2017-06-16,16,Friday,24,6,June,2,Q2,2017,False,2017,2
20170617,2017-06-17,17,Saturday,24,6,June,2,Q2,2017,True,2017,2
20170618,2017-06-18,18,Sunday,24,6,June,2,Q2,2017,True,2017,2
20170619,2017-06-19,19,Monday,25,6,June,2,Q2,2017,False,2017,2
20170620,2017-06-20,20,Tuesday,25,6,June,2,Q2,2017,False,2017,2
20170621,2017-06-21,21,Wednesday,25,6,June,2,Q2,2017,False,2017,2
20170622,2017-06-22,22,Thursday,25,6,June,2,Q2,2017,False,2017,2
20170623,2017-06-23,23,Friday,25,6,June,2,Q2,2017,False,2017,2
20170624,2017-06-24,24,Saturday,25,6,June,2,Q2,2017,True,2017,2
20170625,2017-06-25,25,Sunday,25,6,June,2,Q2,2017,True,2017,2
20170626,2017-06-26,26,Monday,26,6,June,2,Q2,2017,False,2017,2
20170627,2017-06-27,27,Tuesday,26,6,June,2,Q2,2017,False,2017,2
20170628,2017-06-28,28,Wednesday,26,6,June,2,Q2,2017,False,2017,2
20170629,2017-06-29,29,Thursday,26,6,June,2,Q2,2017,False,2017,2
20170630,2017-06-30,30,Friday,26,6,June,2,Q2,2017,False,2017,2
20170701,2017-07-01,1,Saturday,26,7,July,3,Q3,2017,True,2017,3
20170702,2017-07-02,2,Sunday,26,7,July,3,Q3,2017,True,2017,3
20170703,2017-07-03,3,Monday,27,7,July,3,Q3,2017,False,2017,3
20170704,2017-07-04,4,Tuesday,27,7,July,3,Q3,2017,False,2017,3
20170705,2017-07-05,5,Wednesday,27,7,July,3,Q3,2017,False,2017,3
20170706,2017-07-06,6,Thursday,27,7,July,3,Q3,2017,False,2017,3
20170707,2017-07-07,7,Friday,27,7,July,3,Q3,2017,False,2017,3
20170708,2017-07-08,8,Saturday,27,7,July,3,Q3,2017,True,2017,3
20170709,2017-07-09,9,Sunday,27,7,July,3,Q3,2017,True,2017,3
20170710,2017-07-10,10,Monday,28,7,July,3,Q3,2017,False,2017,3
20170711,2017-07-11,11,Tuesday,28,7,July,3,Q3,2017,False,2017,3
20170712,2017-07-12,12,Wednesday,28,7,July,3,Q3,2017,False,2017,3
20170713,2017-07-13,13,Thursday,28,7,July,3,Q3,2017,False,2017,3
20170714,2017-07-14,14,Friday,28,7,July,3,Q3,2017,False,2017,3
20170715,2017-07-15,15,Saturday,28,7,July,3,Q3,2017,True,2017,3
20170716,2017-07-16,16,Sunday,28,7,July,3,Q3,2017,True,2017,3
20170717,2017-07-17,17,Monday,29,7,July,3,Q3,2017,False,2017,3
20170718,2017-07-18,18,Tuesday,29,7,July,3,Q3,2017,False,2017,3
20170719,2017-07-19,19,Wednesday,29,7,July,3,Q3,2017,False,2017,3
20170720,2017-07-20,20,Thursday,29,7,July,3,Q3,2017,False,2017,3
20170721,2017-07-21,21,Friday,29,7,July,3,Q3,2017,False,2017,3
20170722,2017-07-22,22,Saturday,29,7,July,3,Q3,2017,True,2017,3
20170723,2017-07-23,23,Sunday,29,7,July,3,Q3,2017,True,2017,3
20170724,2017-07-24,24,Monday,30,7,July,3,Q3,2017,False,2017,3
20170725,2017-07-25,25,Tuesday,30,7,July,3,Q3,2017,False,2017,3
20170726,2017-07-26,26,Wednesday,30,7,July,3,Q3,2017,False,2017,3
20170727,2017-07-27,27,Thursday,30,7,July,3,Q3,2017,False,2017,3
20170728,2017-07-28,28,Friday,30,7,July,3,Q3,2017,False,2017,3
20170729,2017-07-29,29,Saturday,30,7,July,3,Q3,2017,True,2017,3
20170730,2017-07-30,30,Sunday,30,7,July,3,Q3,2017,True,2017,3
20170731,2017-07-31,31,Monday,31,7,July,3,Q3,2017,False,2017,3
20170801,2017-08-01,1,Tuesday,31,8,August,3,Q3,2017,False,2017,3
20170802,2017-08-02,2,Wednesday,31,8,August,3,Q3,2017,False,2017,3
20170803,2017-08-03,3,Thursday,31,8,August,3,Q3,2017,False,2017,3
20170804,2017-08-04,4,Friday,31,8,August,3,Q3,2017,False,2017,3
20170805,2017-08-05,5,Saturday,31,8,August,3,Q3,2017,True,2017,3
20170806,2017-08-06,6,Sunday,31,8,August,3,Q3,2017,True,2017,3
20170807,2017-08-07,7,Monday,32,8,August,3,Q3,2017,False,2017,3
20170808,2017-08-08,8,Tuesday,32,8,August,3,Q3,2017,False,2017,3
20170809,2017-08-09,9,Wednesday,32,8,August,3,Q3,2017,False,2017,3
20170810,2017-08-10,10,Thursday,32,8,August,3,Q3,2017,False,2017,3
20170811,2017-08-11,11,Friday,32,8,August,3,Q3,2017,False,2017,3
20170812,2017-08-12,12,Saturday,32,8,August,3,Q3,2017,True,2017,3
20170813,2017-08-13,13,Sunday,32,8,August,3,Q3,2017,True,2017,3
20170814,2017-08-14,14,Monday,33,8,August,3,Q3,2017,False,2017,3
20170815,2017-08-15,15,Tuesday,33,8,August,3,Q3,2017,False,2017,3
20170816,2017-08-16,16,Wednesday,33,8,August,3,Q3,2017,False,2017,3
20170817,2017-08-17,17,Thursday,33,8,August,3,Q3,2017,False,2017,3
20170818,2017-08-18,18,Friday,33,8,August,3,Q3,2017,False,2017,3
20170819,2017-08-19,19,Saturday,33,8,August,3,Q3,2017,True,2017,3
20170820,2017-08-20,20,Sunday,33,8,August,3,Q3,2017,True,2017,3
20170821,2017-08-21,21,Monday,34,8,August,3,Q3,2017,False,2017,3
20170822,2017-08-22,22,Tuesday,34,8,August,3,Q3,2017,False,2017,3
20170823,2017-08-23,23,Wednesday,34,8,August,3,Q3,2017,False,2017,3
20170824,2017-08-24,24,Thursday,34,8,August,3,Q3,2017,False,2017,3
20170825,2017-08-25,25,Friday,34,8,August,3,Q3,2017,False,2017,3
20170826,2017-08-26,26,Saturday,34,8,August,3,Q3,2017,True,2017,3
20170827,2017-08-27,27,Sunday,34,8,August,3,Q3,2017,True,2017,3
20170828,2017-08-28,28,Monday,35,8,August,3,Q3,2017,False,2017,3
20170829,2017-08-29,29,Tuesday,35,8,August,3,Q3,2017,False,2017,3
20170830,2017-08-30,30,Wednesday,35,8,August,3,Q3,2017,False,2017,3
20170831,2017-08-31,31,Thursday,35,8,August,3,Q3,2017,False,2017,3
20170901,2017-09-01,1,Friday,35,9,September,3,Q3,2017,False,2017,3
20170902,2017-09-02,2,Saturday,35,9,September,3,Q3,2017,True,2017,3
20170903,2017-09-03,3,Sunday,35,9,September,3,Q3,2017,True,2017,3
20170904,2017-09-04,4,Monday,36,9,September,3,Q3,2017,False,2017,3
20170905,2017-09-05,5,Tuesday,36,9,September,3,Q3,2017,False,2017,3
20170906,2017-09-06,6,Wednesday,36,9,September,3,Q3,2017,False,2017,3
20170907,2017-09-07,7,Thursday,36,9,September,3,Q3,2017,False,2017,3
20170908,2017-09-08,8,Friday,36,9,September,3,Q3,2017,False,2017,3
20170909,2017-09-09,9,Saturday,36,9,September,3,Q3,2017,True,2017,3
20170910,2017-09-10,10,Sunday,36,9,September,3,Q3,2017,True,2017,3
20170911,2017-09-11,11,Monday,37,9,September,3,Q3,2017,False,2017,3
20170912,2017-09-12,12,Tuesday,37,9,September,3,Q3,2017,False,2017,3
20170913,2017-09-13,13,Wednesday,37,9,September,3,Q3,2017,False,2017,3
20170914,2017-09-14,14,Thursday,37,9,September,3,Q3,2017,False,2017,3
20170915,2017-09-15,15,Friday,37,9,September,3,Q3,2017,False,2017,3
20170916,2017-09-16,16,Saturday,37,9,September,3,Q3,2017,True,2017,3
20170917,2017-09-17,17,Sunday,37,9,September,3,Q3,2017,True,2017,3
20170918,2017-09-18,18,Monday,38,9,September,3,Q3,2017,False,2017,3
20170919,2017-09-19,19,Tuesday,38,9,September,3,Q3,2017,False,2017,3
20170920,2017-09-20,20,Wednesday,38,9,September,3,Q3,2017,False,2017,3
20170921,2017-09-21,21,Thursday,38,9,September,3,Q3,2017,False,2017,3
20170922,2017-09-22,22,Friday,38,9,September,3,Q3,2017,False,2017,3
20170923,2017-09-23,23,Saturday,38,9,September,3,Q3,2017,True,2017,3
20170924,2017-09-24,24,Sunday,38,9,September,3,Q3,2017,True,2017,3
20170925,2017-09-25,25,Monday,39,9,September,3,Q3,2017,False,2017,3
20170926,2017-09-26,26,Tuesday,39,9,September,3,Q3,2017,False,2017,3
20170927,2017-09-27,27,Wednesday,39,9,September,3,Q3,2017,False,2017,3
20170928,2017-09-28,28,Thursday,39,9,September,3,Q3,2017,False,2017,3
20170929,2017-09-29,29,Friday,39,9,September,3,Q3,2017,False,2017,3
20170930,2017-09-30,30,Saturday,39,9,September,3,Q3,2017,True,2017,3
20171001,2017-10-01,1,Sunday,39,10,October,4,Q4,2017,True,2018,4
20171002,2017-10-02,2,Monday,40,10,October,4,Q4,2017,False,2018,4
20171003,2017-10-03,3,Tuesday,40,10,October,4,Q4,2017,False,2018,4
20171004,2017-10-04,4,Wednesday,40,10,October,4,Q4,2017,False,2018,4
20171005,2017-10-05,5,Thursday,40,10,October,4,Q4,2017,False,2018,4
20171006,2017-10-06,6,Friday,40,10,October,4,Q4,2017,False,2018,4
20171007,2017-10-07,7,Saturday,40,10,October,4,Q4,2017,True,2018,4
20171008,2017-10-08,8,Sunday,40,10,October,4,Q4,2017,True,2018,4
20171009,2017-10-09,9,Monday,41,10,October,4,Q4,2017,False,2018,4
20171010,2017-10-10,10,Tuesday,41,10,October,4,Q4,2017,False,2018,4
20171011,2017-10-11,11,Wednesday,41,10,October,4,Q4,2017,False,2018,4
20171012,2017-10-12,12,Thursday,41,10,October,4,Q4,2017,False,2018,4
20171013,2017-10-13,13,Friday,41,10,October,4,Q4,2017,False,2018,4
20171014,2017-10-14,14,Saturday,41,10,October,4,Q4,2017,True,2018,4
20171015,2017-10-15,15,Sunday,41,10,October,4,Q4,2017,True,2018,4
20171016,2017-10-16,16,Monday,42,10,October,4,Q4,2017,False,2018,4
20171017,2017-10-17,17,Tuesday,42,10,October,4,Q4,2017,False,2018,4
20171018,2017-10-18,18,Wednesday,42,10,October,4,Q4,2017,False,2018,4
20171019,2017-10-19,19,Thursday,42,10,October,4,Q4,2017,False,2018,4
20171020,2017-10-20,20,Friday,42,10,October,4,Q4,2017,False,2018,4
20171021,2017-10-21,21,Saturday,42,10,October,4,Q4,2017,True,2018,4
20171022,2017-10-22,22,Sunday,42,10,October,4,Q4,2017,True,2018,4
20171023,2017-10-23,23,Monday,43,10,October,4,Q4,2017,False,2018,4
20171024,2017-10-24,24,Tuesday,43,10,October,4,Q4,2017,False,2018,4
20171025,2017-10-25,25,Wednesday,43,10,October,4,Q4,2017,False,2018,4
20171026,2017-10-26,26,Thursday,43,10,October,4,Q4,2017,False,2018,4
20171027,2017-10-27,27,Friday,43,10,October,4,Q4,2017,False,2018,4
20171028,2017-10-28,28,Saturday,43,10,October,4,Q4,2017,True,2018,4
20171029,2017-10-29,29,Sunday,43,10,October,4,Q4,2017,True,2018,4
20171030,2017-10-30,30,Monday,44,10,October,4,Q4,2017,False,2018,4
20171031,2017-10-31,31,Tuesday,44,10,October,4,Q4,2017,False,2018,4
20171101,2017-11-01,1,Wednesday,44,11,November,4,Q4,2017,False,2018,4
20171102,2017-11-02,2,Thursday,44,11,November,4,Q4,2017,False,2018,4
20171103,2017-11-03,3,Friday,44,11,November,4,Q4,2017,False,2018,4
20171104,2017-11-04,4,Saturday,44,11,November,4,Q4,2017,True,2018,4
20171105,2017-11-05,5,Sunday,44,11,November,4,Q4,2017,True,2018,4
20171106,2017-11-06,6,Monday,45,11,November,4,Q4,2017,False,2018,4
20171107,2017-11-07,7,Tuesday,45,11,November,4,Q4,2017,False,2018,4
20171108,2017-11-08,8,Wednesday,45,11,November,4,Q4,2017,False,2018,4
20171109,2017-11-09,9,Thursday,45,11,November,4,Q4,2017,False,2018,4
20171110,2017-11-10,10,Friday,45,11,November,4,Q4,2017,False,2018,4
20171111,2017-11-11,11,Saturday,45,11,November,4,Q4,2017,True,2018,4
20171112,2017-11-12,12,Sunday,45,11,November,4,Q4,2017,True,2018,4
20171113,2017-11-13,13,Monday,46,11,November,4,Q4,2017,False,2018,4
20171114,2017-11-14,14,Tuesday,46,11,November,4,Q4,2017,False,2018,4
20171115,2017-11-15,15,Wednesday,46,11,November,4,Q4,2017,False,2018,4
20171116,2017-11-16,16,Thursday,46,11,November,4,Q4,2017,False,2018,4
20171117,2017-11-17,17,Friday,46,11,November,4,Q4,2017,False,2018,4
20171118,2017-11-18,18,Saturday,46,11,November,4,Q4,2017,True,2018,4
20171119,2017-11-19,19,Sunday,46,11,November,4,Q4,2017,True,2018,4
20171120,2017-11-20,20,Monday,47,11,November,4,Q4,2017,False,2018,4
20171121,2017-11-21,21,Tuesday,47,11,November,4,Q4,2017,False,2018,4
20171122,2017-11-22,22,Wednesday,47,11,November,4,Q4,2017,False,2018,4
20171123,2017-11-23,23,Thursday,47,11,November,4,Q4,2017,False,2018,4
20171124,2017-11-24,24,Friday,47,11,November,4,Q4,2017,False,2018,4
20171125,2017-11-25,25,Saturday,47,11,November,4,Q4,2017,True,2018,4
20171126,2017-11-26,26,Sunday,47,11,November,4,Q4,2017,True,2018,4
20171127,2017-11-27,27,Monday,48,11,November,4,Q4,2017,False,2018,4
20171128,2017-11-28,28,Tuesday,48,11,November,4,Q4,2017,False,2018,4
20171129,2017-11-29,29,Wednesday,48,11,November,4,Q4,2017,False,2018,4
20171130,2017-11-30,30,Thursday,48,11,November,4,Q4,2017,False,2018,4
20171201,2017-12-01,1,Friday,48,12,December,4,Q4,2017,False,2018,4
20171202,2017-12-02,2,Saturday,48,12,December,4,Q4,2017,True,2018,4
20171203,2017-12-03,3,Sunday,48,12,December,4,Q4,2017,True,2018,4
20171204,2017-12-04,4,Monday,49,12,December,4,Q4,2017,False,2018,4
20171205,2017-12-05,5,Tuesday,49,12,December,4,Q4,2017,False,2018,4
20171206,2017-12-06,6,Wednesday,49,12,December,4,Q4,2017,False,2018,4
20171207,2017-12-07,7,Thursday,49,12,December,4,Q4,2017,False,2018,4
20171208,2017-12-08,8,Friday,49,12,December,4,Q4,2017,False,2018,4
20171209,2017-12-09,9,Saturday,49,12,December,4,Q4,2017,True,2018,4
20171210,2017-12-10,10,Sunday,49,12,December,4,Q4,2017,True,2018,4
20171211,2017-12-11,11,Monday,50,12,December,4,Q4,2017,False,2018,4
20171212,2017-12-12,12,Tuesday,50,12,December,4,Q4,2017,False,2018,4
20171213,2017-12-13,13,Wednesday,50,12,December,4,Q4,2017,False,2018,4
20171214,2017-12-14,14,Thursday,50,12,December,4,Q4,2017,False,2018,4
20171215,2017-12-15,15,Friday,50,12,December,4,Q4,2017,False,2018,4
20171216,2017-12-16,16,Saturday,50,12,December,4,Q4,2017,True,2018,4
20171217,2017-12-17,17,Sunday,50,12,December,4,Q4,2017,True,2018,4
20171218,2017-12-18,18,Monday,51,12,December,4,Q4,2017,False,2018,4
20171219,2017-12-19,19,Tuesday,51,12,December,4,Q4,2017,False,2018,4
20171220,2017-12-20,20,Wednesday,51,12,December,4,Q4,2017,False,2018,4
20171221,2017-12-21,21,Thursday,51,12,December,4,Q4,2017,False,2018,4
20171222,2017-12-22,22,Friday,51,12,December,4,Q4,2017,False,2018,4
20171223,2017-12-23,23,Saturday,51,12,December,4,Q4,2017,True,2018,4
20171224,2017-12-24,24,Sunday,51,12,December,4,Q4,2017,True,2018,4
20171225,2017-12-25,25,Monday,52,12,December,4,Q4,2017,False,2018,4
20171226,2017-12-26,26,Tuesday,52,12,December,4,Q4,2017,False,2018,4
20171227,2017-12-27,27,Wednesday,52,12,December,4,Q4,2017,False,2018,4
20171228,2017-12-28,28,Thursday,52,12,December,4,Q4,2017,False,2018,4
20171229,2017-12-29,29,Friday,52,12,December,4,Q4,2017,False,2018,4
20171230,2017-12-30,30,Saturday,52,12,December,4,Q4,2017,True,2018,4
20171231,2017-12-31,31,Sunday,52,12,December,4,Q4,2017,True,2018,4
20180101,2018-01-01,1,Monday,1,1,January,1,Q1,2018,False,2018,1
20180102,2018-01-02,2,Tuesday,1,1,January,1,Q1,2018,False,2018,1
20180103,2018-01-03,3,Wednesday,1,1,January,1,Q1,2018,False,2018,1
20180104,2018-01-04,4,Thursday,1,1,January,1,Q1,2018,False,2018,1
20180105,2018-01-05,5,Friday,1,1,January,1,Q1,2018,False,2018,1
20180106,2018-01-06,6,Saturday,1,1,January,1,Q1,2018,True,2018,1
20180107,2018-01-07,7,Sunday,1,1,January,1,Q1,2018,True,2018,1
20180108,2018-01-08,8,Monday,2,1,January,1,Q1,2018,False,2018,1
20180109,2018-01-09,9,Tuesday,2,1,January,1,Q1,2018,False,2018,1
20180110,2018-01-10,10,Wednesday,2,1,January,1,Q1,2018,False,2018,1
20180111,2018-01-11,11,Thursday,2,1,January,1,Q1,2018,False,2018,1
20180112,2018-01-12,12,Friday,2,1,January,1,Q1,2018,False,2018,1
20180113,2018-01-13,13,Saturday,2,1,January,1,Q1,2018,True,2018,1
20180114,2018-01-14,14,Sunday,2,1,January,1,Q1,2018,True,2018,1
20180115,2018-01-15,15,Monday,3,1,January,1,Q1,2018,False,2018,1
20180116,2018-01-16,16,Tuesday,3,1,January,1,Q1,2018,False,2018,1
20180117,2018-01-17,17,Wednesday,3,1,January,1,Q1,2018,False,2018,1
20180118,2018-01-18,18,Thursday,3,1,January,1,Q1,2018,False,2018,1
20180119,2018-01-19,19,Friday,3,1,January,1,Q1,2018,False,2018,1
20180120,2018-01-20,20,Saturday,3,1,January,1,Q1,2018,True,2018,1
20180121,2018-01-21,21,Sunday,3,1,January,1,Q1,2018,True,2018,1
20180122,2018-01-22,22,Monday,4,1,January,1,Q1,2018,False,2018,1
20180123,2018-01-23,23,Tuesday,4,1,January,1,Q1,2018,False,2018,1
20180124,2018-01-24,24,Wednesday,4,1,January,1,Q1,2018,False,2018,1
20180125,2018-01-25,25,Thursday,4,1,January,1,Q1,2018,False,2018,1
20180126,2018-01-26,26,Friday,4,1,January,1,Q1,2018,False,2018,1
20180127,2018-01-27,27,Saturday,4,1,January,1,Q1,2018,True,2018,1
20180128,2018-01-28,28,Sunday,4,1,January,1,Q1,2018,True,2018,1
20180129,2018-01-29,29,Monday,5,1,January,1,Q1,2018,False,2018,1
20180130,2018-01-30,30,Tuesday,5,1,January,1,Q1,2018,False,2018,1
20180131,2018-01-31,31,Wednesday,5,1,January,1,Q1,2018,False,2018,1
20180201,2018-02-01,1,Thursday,5,2,February,1,Q1,2018,False,2018,1
20180202,2018-02-02,2,Friday,5,2,February,1,Q1,2018,False,2018,1
20180203,2018-02-03,3,Saturday,5,2,February,1,Q1,2018,True,2018,1
20180204,2018-02-04,4,Sunday,5,2,February,1,Q1,2018,True,2018,1
20180205,2018-02-05,5,Monday,6,2,February,1,Q1,2018,False,2018,1
20180206,2018-02-06,6,Tuesday,6,2,February,1,Q1,2018,False,2018,1
20180207,2018-02-07,7,Wednesday,6,2,February,1,Q1,2018,False,2018,1
20180208,2018-02-08,8,Thursday,6,2,February,1,Q1,2018,False,2018,1
20180209,2018-02-09,9,Friday,6,2,February,1,Q1,2018,False,2018,1
20180210,2018-02-10,10,Saturday,6,2,February,1,Q1,2018,True,2018,1
20180211,2018-02-11,11,Sunday,6,2,February,1,Q1,2018,True,2018,1
20180212,2018-02-12,12,Monday,7,2,February,1,Q1,2018,False,2018,1
20180213,2018-02-13,13,Tuesday,7,2,February,1,Q1,2018,False,2018,1
20180214,2018-02-14,14,Wednesday,7,2,February,1,Q1,2018,False,2018,1
20180215,2018-02-15,15,Thursday,7,2,February,1,Q1,2018,False,2018,1
20180216,2018-02-16,16,Friday,7,2,February,1,Q1,2018,False,2018,1
20180217,2018-02-17,17,Saturday,7,2,February,1,Q1,2018,True,2018,1
20180218,2018-02-18,18,Sunday,7,2,February,1,Q1,2018,True,2018,1
20180219,2018-02-19,19,Monday,8,2,February,1,Q1,2018,False,2018,1
20180220,2018-02-20,20,Tuesday,8,2,February,1,Q1,2018,False,2018,1
20180221,2018-02-21,21,Wednesday,8,2,February,1,Q1,2018,False,2018,1
20180222,2018-02-22,22,Thursday,8,2,February,1,Q1,2018,False,2018,1
20180223,2018-02-23,23,Friday,8,2,February,1,Q1,2018,False,2018,1
20180224,2018-02-24,24,Saturday,8,2,February,1,Q1,2018,True,2018,1
20180225,2018-02-25,25,Sunday,8,2,February,1,Q1,2018,True,2018,1
20180226,2018-02-26,26,Monday,9,2,February,1,Q1,2018,False,2018,1
20180227,2018-02-27,27,Tuesday,9,2,February,1,Q1,2018,False,2018,1
20180228,2018-02-28,28,Wednesday,9,2,February,1,Q1,2018,False,2018,1
20180301,2018-03-01,1,Thursday,9,3,March,1,Q1,2018,False,2018,1
20180302,2018-03-02,2,Friday,9,3,March,1,Q1,2018,False,2018,1
20180303,2018-03-03,3,Saturday,9,3,March,1,Q1,2018,True,2018,1
20180304,2018-03-04,4,Sunday,9,3,March,1,Q1,2018,True,2018,1
20180305,2018-03-05,5,Monday,10,3,March,1,Q1,2018,False,2018,1
20180306,2018-03-06,6,Tuesday,10,3,March,1,Q1,2018,False,2018,1
20180307,2018-03-07,7,Wednesday,10,3,March,1,Q1,2018,False,2018,1
20180308,2018-03-08,8,Thursday,10,3,March,1,Q1,2018,False,2018,1
20180309,2018-03-09,9,Friday,10,3,March,1,Q1,2018,False,2018,1
20180310,2018-03-10,10,Saturday,10,3,March,1,Q1,2018,True,2018,1
20180311,2018-03-11,11,Sunday,10,3,March,1,Q1,2018,True,2018,1
20180312,2018-03-12,12,Monday,11,3,March,1,Q1,2018,False,2018,1
20180313,2018-03-13,13,Tuesday,11,3,March,1,Q1,2018,False,2018,1
20180314,2018-03-14,14,Wednesday,11,3,March,1,Q1,2018,False,2018,1
20180315,2018-03-15,15,Thursday,11,3,March,1,Q1,2018,False,2018,1
20180316,2018-03-16,16,Friday,11,3,March,1,Q1,2018,False,2018,1
20180317,2018-03-17,17,Saturday,11,3,March,1,Q1,2018,True,2018,1
20180318,2018-03-18,18,Sunday,11,3,March,1,Q1,2018,True,2018,1
20180319,2018-03-19,19,Monday,12,3,March,1,Q1,2018,False,2018,1
20180320,2018-03-20,20,Tuesday,12,3,March,1,Q1,2018,False,2018,1
20180321,2018-03-21,21,Wednesday,12,3,March,1,Q1,2018,False,2018,1
20180322,2018-03-22,22,Thursday,12,3,March,1,Q1,2018,False,2018,1
20180323,2018-03-23,23,Friday,12,3,March,1,Q1,2018,False,2018,1
20180324,2018-03-24,24,Saturday,12,3,March,1,Q1,2018,True,2018,1
20180325,2018-03-25,25,Sunday,12,3,March,1,Q1,2018,True,2018,1
20180326,2018-03-26,26,Monday,13,3,March,1,Q1,2018,False,2018,1
20180327,2018-03-27,27,Tuesday,13,3,March,1,Q1,2018,False,2018,1
20180328,2018-03-28,28,Wednesday,13,3,March,1,Q1,2018,False,2018,1
20180329,2018-03-29,29,Thursday,13,3,March,1,Q1,2018,False,2018,1
20180330,2018-03-30,30,Friday,13,3,March,1,Q1,2018,False,2018,1
20180331,2018-03-31,31,Saturday,13,3,March,1,Q1,2018,True,2018,1
20180401,2018-04-01,1,Sunday,13,4,April,2,Q2,2018,True,2018,2
20180402,2018-04-02,2,Monday,14,4,April,2,Q2,2018,False,2018,2
20180403,2018-04-03,3,Tuesday,14,4,April,2,Q2,2018,False,2018,2
20180404,2018-04-04,4,Wednesday,14,4,April,2,Q2,2018,False,2018,2
20180405,2018-04-05,5,Thursday,14,4,April,2,Q2,2018,False,2018,2
20180406,2018-04-06,6,Friday,14,4,April,2,Q2,2018,False,2018,2
20180407,2018-04-07,7,Saturday,14,4,April,2,Q2,2018,True,2018,2
20180408,2018-04-08,8,Sunday,14,4,April,2,Q2,2018,True,2018,2
20180409,2018-04-09,9,Monday,15,4,April,2,Q2,2018,False,2018,2
20180410,2018-04-10,10,Tuesday,15,4,April,2,Q2,2018,False,2018,2
20180411,2018-04-11,11,Wednesday,15,4,April,2,Q2,2018,False,2018,2
20180412,2018-04-12,12,Thursday,15,4,April,2,Q2,2018,False,2018,2
20180413,2018-04-13,13,Friday,15,4,April,2,Q2,2018,False,2018,2
20180414,2018-04-14,14,Saturday,15,4,April,2,Q2,2018,True,2018,2
20180415,2018-04-15,15,Sunday,15,4,April,2,Q2,2018,True,2018,2
20180416,2018-04-16,16,Monday,16,4,April,2,Q2,2018,False,2018,2
20180417,2018-04-17,17,Tuesday,16,4,April,2,Q2,2018,False,2018,2
20180418,2018-04-18,18,Wednesday,16,4,April,2,Q2,2018,False,2018,2
20180419,2018-04-19,19,Thursday,16,4,April,2,Q2,2018,False,2018,2
20180420,2018-04-20,20,Friday,16,4,April,2,Q2,2018,False,2018,2
20180421,2018-04-21,21,Saturday,16,4,April,2,Q2,2018,True,2018,2
20180422,2018-04-22,22,Sunday,16,4,April,2,Q2,2018,True,2018,2
20180423,2018-04-23,23,Monday,17,4,April,2,Q2,2018,False,2018,2
20180424,2018-04-24,24,Tuesday,17,4,April,2,Q2,2018,False,2018,2
20180425,2018-04-25,25,Wednesday,17,4,April,2,Q2,2018,False,2018,2
20180426,2018-04-26,26,Thursday,17,4,April,2,Q2,2018,False,2018,2
20180427,2018-04-27,27,Friday,17,4,April,2,Q2,2018,False,2018,2
20180428,2018-04-28,28,Saturday,17,4,April,2,Q2,2018,True,2018,2
20180429,2018-04-29,29,Sunday,17,4,April,2,Q2,2018,True,2018,2
20180430,2018-04-30,30,Monday,18,4,April,2,Q2,2018,False,2018,2
20180501,2018-05-01,1,Tuesday,18,5,May,2,Q2,2018,False,2018,2
20180502,2018-05-02,2,Wednesday,18,5,May,2,Q2,2018,False,2018,2
20180503,2018-05-03,3,Thursday,18,5,May,2,Q2,2018,False,2018,2
20180504,2018-05-04,4,Friday,18,5,May,2,Q2,2018,False,2018,2
20180505,2018-05-05,5,Saturday,18,5,May,2,Q2,2018,True,2018,2
20180506,2018-05-06,6,Sunday,18,5,May,2,Q2,2018,True,2018,2
20180507,2018-05-07,7,Monday,19,5,May,2,Q2,2018,False,2018,2
20180508,2018-05-08,8,Tuesday,19,5,May,2,Q2,2018,False,2018,2
20180509,2018-05-09,9,Wednesday,19,5,May,2,Q2,2018,False,2018,2
20180510,2018-05-10,10,Thursday,19,5,May,2,Q2,2018,False,2018,2
20180511,2018-05-11,11,Friday,19,5,May,2,Q2,2018,False,2018,2
20180512,2018-05-12,12,Saturday,19,5,May,2,Q2,2018,True,2018,2
20180513,2018-05-13,13,Sunday,19,5,May,2,Q2,2018,True,2018,2
20180514,2018-05-14,14,Monday,20,5,May,2,Q2,2018,False,2018,2
20180515,2018-05-15,15,Tuesday,20,5,May,2,Q2,2018,False,2018,2
20180516,2018-05-16,16,Wednesday,20,5,May,2,Q2,2018,False,2018,2
20180517,2018-05-17,17,Thursday,20,5,May,2,Q2,2018,False,2018,2
20180518,2018-05-18,18,Friday,20,5,May,2,Q2,2018,False,2018,2
20180519,2018-05-19,19,Saturday,20,5,May,2,Q2,2018,True,2018,2
20180520,2018-05-20,20,Sunday,20,5,May,2,Q2,2018,True,2018,2
20180521,2018-05-21,21,Monday,21,5,May,2,Q2,2018,False,2018,2
20180522,2018-05-22,22,Tuesday,21,5,May,2,Q2,2018,False,2018,2
20180523,2018-05-23,23,Wednesday,21,5,May,2,Q2,2018,False,2018,2
20180524,2018-05-24,24,Thursday,21,5,May,2,Q2,2018,False,2018,2
20180525,2018-05-25,25,Friday,21,5,May,2,Q2,2018,False,2018,2
20180526,2018-05-26,26,Saturday,21,5,May,2,Q2,2018,True,2018,2
20180527,2018-05-27,27,Sunday,21,5,May,2,Q2,2018,True,2018,2
20180528,2018-05-28,28,Monday,22,5,May,2,Q2,2018,False,2018,2
20180529,2018-05-29,29,Tuesday,22,5,May,2,Q2,2018,False,2018,2
20180530,2018-05-30,30,Wednesday,22,5,May,2,Q2,2018,False,2018,2
20180531,2018-05-31,31,Thursday,22,5,May,2,Q2,2018,False,2018,2
20180601,2018-06-01,1,Friday,22,6,June,2,Q2,2018,False,2018,2
20180602,2018-06-02,2,Saturday,22,6,June,2,Q2,2018,True,2018,2
20180603,2018-06-03,3,Sunday,22,6,June,2,Q2,2018,True,2018,2
20180604,2018-06-04,4,Monday,23,6,June,2,Q2,2018,False,2018,2
20180605,2018-06-05,5,Tuesday,23,6,June,2,Q2,2018,False,2018,2
20180606,2018-06-06,6,Wednesday,23,6,June,2,Q2,2018,False,2018,2
20180607,2018-06-07,7,Thursday,23,6,June,2,Q2,2018,False,2018,2
20180608,2018-06-08,8,Friday,23,6,June,2,Q2,2018,False,2018,2
20180609,2018-06-09,9,Saturday,23,6,June,2,Q2,2018,True,2018,2
20180610,2018-06-10,10,Sunday,23,6,June,2,Q2,2018,True,2018,2
20180611,2018-06-11,11,Monday,24,6,June,2,Q2,2018,False,2018,2
20180612,2018-06-12,12,Tuesday,24,6,June,2,Q2,2018,False,2018,2
20180613,2018-06-13,13,Wednesday,24,6,June,2,Q2,2018,False,2018,2
20180614,2018-06-14,14,Thursday,24,6,June,2,Q2,2018,False,2018,2
20180615,2018-06-15,15,Friday,24,6,June,2,Q2,2018,False,2018,2
20180616,2018-06-16,16,Saturday,24,6,June,2,Q2,2018,True,2018,2
20180617,2018-06-17,17,Sunday,24,6,June,2,Q2,2018,True,2018,2
20180618,2018-06-18,18,Monday,25,6,June,2,Q2,2018,False,2018,2
20180619,2018-06-19,19,Tuesday,25,6,June,2,Q2,2018,False,2018,2
20180620,2018-06-20,20,Wednesday,25,6,June,2,Q2,2018,False,2018,2
20180621,2018-06-21,21,Thursday,25,6,June,2,Q2,2018,False,2018,2
20180622,2018-06-22,22,Friday,25,6,June,2,Q2,2018,False,2018,2
20180623,2018-06-23,23,Saturday,25,6,June,2,Q2,2018,True,2018,2
20180624,2018-06-24,24,Sunday,25,6,June,2,Q2,2018,True,2018,2
20180625,2018-06-25,25,Monday,26,6,June,2,Q2,2018,False,2018,2
20180626,2018-06-26,26,Tuesday,26,6,June,2,Q2,2018,False,2018,2
20180627,2018-06-27,27,Wednesday,26,6,June,2,Q2,2018,False,2018,2
20180628,2018-06-28,28,Thursday,26,6,June,2,Q2,2018,False,2018,2
20180629,2018-06-29,29,Friday,26,6,June,2,Q2,2018,False,2018,2
20180630,2018-06-30,30,Saturday,26,6,June,2,Q2,2018,True,2018,2
20180701,2018-07-01,1,Sunday,26,7,July,3,Q3,2018,True,2018,3
20180702,2018-07-02,2,Monday,27,7,July,3,Q3,2018,False,2018,3
20180703,2018-07-03,3,Tuesday,27,7,July,3,Q3,2018,False,2018,3
20180704,2018-07-04,4,Wednesday,27,7,July,3,Q3,2018,False,2018,3
20180705,2018-07-05,5,Thursday,27,7,July,3,Q3,2018,False,2018,3
20180706,2018-07-06,6,Friday,27,7,July,3,Q3,2018,False,2018,3
20180707,2018-07-07,7,Saturday,27,7,July,3,Q3,2018,True,2018,3
20180708,2018-07-08,8,Sunday,27,7,July,3,Q3,2018,True,2018,3
20180709,2018-07-09,9,Monday,28,7,July,3,Q3,2018,False,2018,3
20180710,2018-07-10,10,Tuesday,28,7,July,3,Q3,2018,False,2018,3
20180711,2018-07-11,11,Wednesday,28,7,July,3,Q3,2018,False,2018,3
20180712,2018-07-12,12,Thursday,28,7,July,3,Q3,2018,False,2018,3
20180713,2018-07-13,13,Friday,28,7,July,3,Q3,2018,False,2018,3
20180714,2018-07-14,14,Saturday,28,7,July,3,Q3,2018,True,2018,3
20180715,2018-07-15,15,Sunday,28,7,July,3,Q3,2018,True,2018,3
20180716,2018-07-16,16,Monday,29,7,July,3,Q3,2018,False,2018,3
20180717,2018-07-17,17,Tuesday,29,7,July,3,Q3,2018,False,2018,3
20180718,2018-07-18,18,Wednesday,29,7,July,3,Q3,2018,False,2018,3
20180719,2018-07-19,19,Thursday,29,7,July,3,Q3,2018,False,2018,3
20180720,2018-07-20,20,Friday,29,7,July,3,Q3,2018,False,2018,3
20180721,2018-07-21,21,Saturday,29,7,July,3,Q3,2018,True,2018,3
20180722,2018-07-22,22,Sunday,29,7,July,3,Q3,2018,True,2018,3
20180723,2018-07-23,23,Monday,30,7,July,3,Q3,2018,False,2018,3
20180724,2018-07-24,24,Tuesday,30,7,July,3,Q3,2018,False,2018,3
20180725,2018-07-25,25,Wednesday,30,7,July,3,Q3,2018,False,2018,3
20180726,2018-07-26,26,Thursday,30,7,July,3,Q3,2018,False,2018,3
20180727,2018-07-27,27,Friday,30,7,July,3,Q3,2018,False,2018,3
20180728,2018-07-28,28,Saturday,30,7,July,3,Q3,2018,True,2018,3
20180729,2018-07-29,29,Sunday,30,7,July,3,Q3,2018,True,2018,3
20180730,2018-07-30,30,Monday,31,7,July,3,Q3,2018,False,2018,3
20180731,2018-07-31,31,Tuesday,31,7,July,3,Q3,2018,False,2018,3
20180801,2018-08-01,1,Wednesday,31,8,August,3,Q3,2018,False,2018,3
20180802,2018-08-02,2,Thursday,31,8,August,3,Q3,2018,False,2018,3
20180803,2018-08-03,3,Friday,31,8,August,3,Q3,2018,False,2018,3
20180804,2018-08-04,4,Saturday,31,8,August,3,Q3,2018,True,2018,3
20180805,2018-08-05,5,Sunday,31,8,August,3,Q3,2018,True,2018,3
20180806,2018-08-06,6,Monday,32,8,August,3,Q3,2018,False,2018,3
20180807,2018-08-07,7,Tuesday,32,8,August,3,Q3,2018,False,2018,3
20180808,2018-08-08,8,Wednesday,32,8,August,3,Q3,2018,False,2018,3
20180809,2018-08-09,9,Thursday,32,8,August,3,Q3,2018,False,2018,3
20180810,2018-08-10,10,Friday,32,8,August,3,Q3,2018,False,2018,3
20180811,2018-08-11,11,Saturday,32,8,August,3,Q3,2018,True,2018,3
20180812,2018-08-12,12,Sunday,32,8,August,3,Q3,2018,True,2018,3
20180813,2018-08-13,13,Monday,33,8,August,3,Q3,2018,False,2018,3
20180814,2018-08-14,14,Tuesday,33,8,August,3,Q3,2018,False,2018,3
20180815,2018-08-15,15,Wednesday,33,8,August,3,Q3,2018,False,2018,3
20180816,2018-08-16,16,Thursday,33,8,August,3,Q3,2018,False,2018,3
20180817,2018-08-17,17,Friday,33,8,August,3,Q3,2018,False,2018,3
20180818,2018-08-18,18,Saturday,33,8,August,3,Q3,2018,True,2018,3
20180819,2018-08-19,19,Sunday,33,8,August,3,Q3,2018,True,2018,3
20180820,2018-08-20,20,Monday,34,8,August,3,Q3,2018,False,2018,3
20180821,2018-08-21,21,Tuesday,34,8,August,3,Q3,2018,False,2018,3
20180822,2018-08-22,22,Wednesday,34,8,August,3,Q3,2018,False,2018,3
20180823,2018-08-23,23,Thursday,34,8,August,3,Q3,2018,False,2018,3
20180824,2018-08-24,24,Friday,34,8,August,3,Q3,2018,False,2018,3
20180825,2018-08-25,25,Saturday,34,8,August,3,Q3,2018,True,2018,3
20180826,2018-08-26,26,Sunday,34,8,August,3,Q3,2018,True,2018,3
20180827,2018-08-27,27,Monday,35,8,August,3,Q3,2018,False,2018,3
20180828,2018-08-28,28,Tuesday,35,8,August,3,Q3,2018,False,2018,3
20180829,2018-08-29,29,Wednesday,35,8,August,3,Q3,2018,False,2018,3
20180830,2018-08-30,30,Thursday,35,8,August,3,Q3,2018,False,2018,3
20180831,2018-08-31,31,Friday,35,8,August,3,Q3,2018,False,2018,3
20180901,2018-09-01,1,Saturday,35,9,September,3,Q3,2018,True,2018,3
20180902,2018-09-02,2,Sunday,35,9,September,3,Q3,2018,True,2018,3
20180903,2018-09-03,3,Monday,36,9,September,3,Q3,2018,False,2018,3
20180904,2018-09-04,4,Tuesday,36,9,September,3,Q3,2018,False,2018,3
20180905,2018-09-05,5,Wednesday,36,9,September,3,Q3,2018,False,2018,3
20180906,2018-09-06,6,Thursday,36,9,September,3,Q3,2018,False,2018,3
20180907,2018-09-07,7,Friday,36,9,September,3,Q3,2018,False,2018,3
20180908,2018-09-08,8,Saturday,36,9,September,3,Q3,2018,True,2018,3
20180909,2018-09-09,9,Sunday,36,9,September,3,Q3,2018,True,2018,3
20180910,2018-09-10,10,Monday,37,9,September,3,Q3,2018,False,2018,3
20180911,2018-09-11,11,Tuesday,37,9,September,3,Q3,2018,False,2018,3
20180912,2018-09-12,12,Wednesday,37,9,September,3,Q3,2018,False,2018,3
20180913,2018-09-13,13,Thursday,37,9,September,3,Q3,2018,False,2018,3
20180914,2018-09-14,14,Friday,37,9,September,3,Q3,2018,False,2018,3
20180915,2018-09-15,15,Saturday,37,9,September,3,Q3,2018,True,2018,3
20180916,2018-09-16,16,Sunday,37,9,September,3,Q3,2018,True,2018,3
20180917,2018-09-17,17,Monday,38,9,September,3,Q3,2018,False,2018,3
20180918,2018-09-18,18,Tuesday,38,9,September,3,Q3,2018,False,2018,3
20180919,2018-09-19,19,Wednesday,38,9,September,3,Q3,2018,False,2018,3
20180920,2018-09-20,20,Thursday,38,9,September,3,Q3,2018,False,2018,3
20180921,2018-09-21,21,Friday,38,9,September,3,Q3,2018,False,2018,3
20180922,2018-09-22,22,Saturday,38,9,September,3,Q3,2018,True,2018,3
20180923,2018-09-23,23,Sunday,38,9,September,3,Q3,2018,True,2018,3
20180924,2018-09-24,24,Monday,39,9,September,3,Q3,2018,False,2018,3
20180925,2018-09-25,25,Tuesday,39,9,September,3,Q3,2018,False,2018,3
20180926,2018-09-26,26,Wednesday,39,9,September,3,Q3,2018,False,2018,3
20180927,2018-09-27,27,Thursday,39,9,September,3,Q3,2018,False,2018,3
20180928,2018-09-28,28,Friday,39,9,September,3,Q3,2018,False,2018,3
20180929,2018-09-29,29,Saturday,39,9,September,3,Q3,2018,True,2018,3
20180930,2018-09-30,30,Sunday,39,9,September,3,Q3,2018,True,2018,3
20181001,2018-10-01,1,Monday,40,10,October,4,Q4,2018,False,2019,4
20181002,2018-10-02,2,Tuesday,40,10,October,4,Q4,2018,False,2019,4
20181003,2018-10-03,3,Wednesday,40,10,October,4,Q4,2018,False,2019,4
20181004,2018-10-04,4,Thursday,40,10,October,4,Q4,2018,False,2019,4
20181005,2018-10-05,5,Friday,40,10,October,4,Q4,2018,False,2019,4
20181006,2018-10-06,6,Saturday,40,10,October,4,Q4,2018,True,2019,4
20181007,2018-10-07,7,Sunday,40,10,October,4,Q4,2018,True,2019,4
20181008,2018-10-08,8,Monday,41,10,October,4,Q4,2018,False,2019,4
20181009,2018-10-09,9,Tuesday,41,10,October,4,Q4,2018,False,2019,4
20181010,2018-10-10,10,Wednesday,41,10,October,4,Q4,2018,False,2019,4
20181011,2018-10-11,11,Thursday,41,10,October,4,Q4,2018,False,2019,4
20181012,2018-10-12,12,Friday,41,10,October,4,Q4,2018,False,2019,4
20181013,2018-10-13,13,Saturday,41,10,October,4,Q4,2018,True,2019,4
20181014,2018-10-14,14,Sunday,41,10,October,4,Q4,2018,True,2019,4
20181015,2018-10-15,15,Monday,42,10,October,4,Q4,2018,False,2019,4
20181016,2018-10-16,16,Tuesday,42,10,October,4,Q4,2018,False,2019,4
20181017,2018-10-17,17,Wednesday,42,10,October,4,Q4,2018,False,2019,4
20181018,2018-10-18,18,Thursday,42,10,October,4,Q4,2018,False,2019,4
20181019,2018-10-19,19,Friday,42,10,October,4,Q4,2018,False,2019,4
20181020,2018-10-20,20,Saturday,42,10,October,4,Q4,2018,True,2019,4
20181021,2018-10-21,21,Sunday,42,10,October,4,Q4,2018,True,2019,4
20181022,2018-10-22,22,Monday,43,10,October,4,Q4,2018,False,2019,4
20181023,2018-10-23,23,Tuesday,43,10,October,4,Q4,2018,False,2019,4
20181024,2018-10-24,24,Wednesday,43,10,October,4,Q4,2018,False,2019,4
20181025,2018-10-25,25,Thursday,43,10,October,4,Q4,2018,False,2019,4
20181026,2018-10-26,26,Friday,43,10,October,4,Q4,2018,False,2019,4
20181027,2018-10-27,27,Saturday,43,10,October,4,Q4,2018,True,2019,4
20181028,2018-10-28,28,Sunday,43,10,October,4,Q4,2018,True,2019,4
20181029,2018-10-29,29,Monday,44,10,October,4,Q4,2018,False,2019,4
20181030,2018-10-30,30,Tuesday,44,10,October,4,Q4,2018,False,2019,4
20181031,2018-10-31,31,Wednesday,44,10,October,4,Q4,2018,False,2019,4
20181101,2018-11-01,1,Thursday,44,11,November,4,Q4,2018,False,2019,4
20181102,2018-11-02,2,Friday,44,11,November,4,Q4,2018,False,2019,4
20181103,2018-11-03,3,Saturday,44,11,November,4,Q4,2018,True,2019,4
20181104,2018-11-04,4,Sunday,44,11,November,4,Q4,2018,True,2019,4
20181105,2018-11-05,5,Monday,45,11,November,4,Q4,2018,False,2019,4
20181106,2018-11-06,6,Tuesday,45,11,November,4,Q4,2018,False,2019,4
20181107,2018-11-07,7,Wednesday,45,11,November,4,Q4,2018,False,2019,4
20181108,2018-11-08,8,Thursday,45,11,November,4,Q4,2018,False,2019,4
20181109,2018-11-09,9,Friday,45,11,November,4,Q4,2018,False,2019,4
20181110,2018-11-10,10,Saturday,45,11,November,4,Q4,2018,True,2019,4
20181111,2018-11-11,11,Sunday,45,11,November,4,Q4,2018,True,2019,4
20181112,2018-11-12,12,Monday,46,11,November,4,Q4,2018,False,2019,4
20181113,2018-11-13,13,Tuesday,46,11,November,4,Q4,2018,False,2019,4
20181114,2018-11-14,14,Wednesday,46,11,November,4,Q4,2018,False,2019,4
20181115,2018-11-15,15,Thursday,46,11,November,4,Q4,2018,False,2019,4
20181116,2018-11-16,16,Friday,46,11,November,4,Q4,2018,False,2019,4
20181117,2018-11-17,17,Saturday,46,11,November,4,Q4,2018,True,2019,4
20181118,2018-11-18,18,Sunday,46,11,November,4,Q4,2018,True,2019,4
20181119,2018-11-19,19,Monday,47,11,November,4,Q4,2018,False,2019,4
20181120,2018-11-20,20,Tuesday,47,11,November,4,Q4,2018,False,2019,4
20181121,2018-11-21,21,Wednesday,47,11,November,4,Q4,2018,False,2019,4
20181122,2018-11-22,22,Thursday,47,11,November,4,Q4,2018,False,2019,4
20181123,2018-11-23,23,Friday,47,11,November,4,Q4,2018,False,2019,4
20181124,2018-11-24,24,Saturday,47,11,November,4,Q4,2018,True,2019,4
20181125,2018-11-25,25,Sunday,47,11,November,4,Q4,2018,True,2019,4
20181126,2018-11-26,26,Monday,48,11,November,4,Q4,2018,False,2019,4
20181127,2018-11-27,27,Tuesday,48,11,November,4,Q4,2018,False,2019,4
20181128,2018-11-28,28,Wednesday,48,11,November,4,Q4,2018,False,2019,4
20181129,2018-11-29,29,Thursday,48,11,November,4,Q4,2018,False,2019,4
20181130,2018-11-30,30,Friday,48,11,November,4,Q4,2018,False,2019,4
20181201,2018-12-01,1,Saturday,48,12,December,4,Q4,2018,True,2019,4
20181202,2018-12-02,2,Sunday,48,12,December,4,Q4,2018,True,2019,4
20181203,2018-12-03,3,Monday,49,12,December,4,Q4,2018,False,2019,4
20181204,2018-12-04,4,Tuesday,49,12,December,4,Q4,2018,False,2019,4
20181205,2018-12-05,5,Wednesday,49,12,December,4,Q4,2018,False,2019,4
20181206,2018-12-06,6,Thursday,49,12,December,4,Q4,2018,False,2019,4
20181207,2018-12-07,7,Friday,49,12,December,4,Q4,2018,False,2019,4
20181208,2018-12-08,8,Saturday,49,12,December,4,Q4,2018,True,2019,4
20181209,2018-12-09,9,Sunday,49,12,December,4,Q4,2018,True,2019,4
20181210,2018-12-10,10,Monday,50,12,December,4,Q4,2018,False,2019,4
20181211,2018-12-11,11,Tuesday,50,12,December,4,Q4,2018,False,2019,4
20181212,2018-12-12,12,Wednesday,50,12,December,4,Q4,2018,False,2019,4
20181213,2018-12-13,13,Thursday,50,12,December,4,Q4,2018,False,2019,4
20181214,2018-12-14,14,Friday,50,12,December,4,Q4,2018,False,2019,4
20181215,2018-12-15,15,Saturday,50,12,December,4,Q4,2018,True,2019,4
20181216,2018-12-16,16,Sunday,50,12,December,4,Q4,2018,True,2019,4
20181217,2018-12-17,17,Monday,51,12,December,4,Q4,2018,False,2019,4
20181218,2018-12-18,18,Tuesday,51,12,December,4,Q4,2018,False,2019,4
20181219,2018-12-19,19,Wednesday,51,12,December,4,Q4,2018,False,2019,4
20181220,2018-12-20,20,Thursday,51,12,December,4,Q4,2018,False,2019,4
20181221,2018-12-21,21,Friday,51,12,December,4,Q4,2018,False,2019,4
20181222,2018-12-22,22,Saturday,51,12,December,4,Q4,2018,True,2019,4
20181223,2018-12-23,23,Sunday,51,12,December,4,Q4,2018,True,2019,4
20181224,2018-12-24,24,Monday,52,12,December,4,Q4,2018,False,2019,4
20181225,2018-12-25,25,Tuesday,52,12,December,4,Q4,2018,False,2019,4
20181226,2018-12-26,26,Wednesday,52,12,December,4,Q4,2018,False,2019,4
20181227,2018-12-27,27,Thursday,52,12,December,4,Q4,2018,False,2019,4
20181228,2018-12-28,28,Friday,52,12,December,4,Q4,2018,False,2019,4
20181229,2018-12-29,29,Saturday,52,12,December,4,Q4,2018,True,2019,4
20181230,2018-12-30,30,Sunday,52,12,December,4,Q4,2018,True,2019,4
20181231,2018-12-31,31,Monday,1,12,December,4,Q4,2018,False,2019,4
20190101,2019-01-01,1,Tuesday,1,1,January,1,Q1,2019,False,2019,1
20190102,2019-01-02,2,Wednesday,1,1,January,1,Q1,2019,False,2019,1
20190103,2019-01-03,3,Thursday,1,1,January,1,Q1,2019,False,2019,1
20190104,2019-01-04,4,Friday,1,1,January,1,Q1,2019,False,2019,1
20190105,2019-01-05,5,Saturday,1,1,January,1,Q1,2019,True,2019,1
20190106,2019-01-06,6,Sunday,1,1,January,1,Q1,2019,True,2019,1
20190107,2019-01-07,7,Monday,2,1,January,1,Q1,2019,False,2019,1
20190108,2019-01-08,8,Tuesday,2,1,January,1,Q1,2019,False,2019,1
20190109,2019-01-09,9,Wednesday,2,1,January,1,Q1,2019,False,2019,1
20190110,2019-01-10,10,Thursday,2,1,January,1,Q1,2019,False,2019,1
20190111,2019-01-11,11,Friday,2,1,January,1,Q1,2019,False,2019,1
20190112,2019-01-12,12,Saturday,2,1,January,1,Q1,2019,True,2019,1
20190113,2019-01-13,13,Sunday,2,1,January,1,Q1,2019,True,2019,1
20190114,2019-01-14,14,Monday,3,1,January,1,Q1,2019,False,2019,1
20190115,2019-01-15,15,Tuesday,3,1,January,1,Q1,2019,False,2019,1
20190116,2019-01-16,16,Wednesday,3,1,January,1,Q1,2019,False,2019,1
20190117,2019-01-17,17,Thursday,3,1,January,1,Q1,2019,False,2019,1
20190118,2019-01-18,18,Friday,3,1,January,1,Q1,2019,False,2019,1
20190119,2019-01-19,19,Saturday,3,1,January,1,Q1,2019,True,2019,1
20190120,2019-01-20,20,Sunday,3,1,January,1,Q1,2019,True,2019,1
20190121,2019-01-21,21,Monday,4,1,January,1,Q1,2019,False,2019,1
20190122,2019-01-22,22,Tuesday,4,1,January,1,Q1,2019,False,2019,1
20190123,2019-01-23,23,Wednesday,4,1,January,1,Q1,2019,False,2019,1
20190124,2019-01-24,24,Thursday,4,1,January,1,Q1,2019,False,2019,1
20190125,2019-01-25,25,Friday,4,1,January,1,Q1,2019,False,2019,1
20190126,2019-01-26,26,Saturday,4,1,January,1,Q1,2019,True,2019,1
20190127,2019-01-27,27,Sunday,4,1,January,1,Q1,2019,True,2019,1
20190128,2019-01-28,28,Monday,5,1,January,1,Q1,2019,False,2019,1
20190129,2019-01-29,29,Tuesday,5,1,January,1,Q1,2019,False,2019,1
20190130,2019-01-30,30,Wednesday,5,1,January,1,Q1,2019,False,2019,1
20190131,2019-01-31,31,Thursday,5,1,January,1,Q1,2019,False,2019,1
20190201,2019-02-01,1,Friday,5,2,February,1,Q1,2019,False,2019,1
20190202,2019-02-02,2,Saturday,5,2,February,1,Q1,2019,True,2019,1
20190203,2019-02-03,3,Sunday,5,2,February,1,Q1,2019,True,2019,1
20190204,2019-02-04,4,Monday,6,2,February,1,Q1,2019,False,2019,1
20190205,2019-02-05,5,Tuesday,6,2,February,1,Q1,2019,False,2019,1
20190206,2019-02-06,6,Wednesday,6,2,February,1,Q1,2019,False,2019,1
20190207,2019-02-07,7,Thursday,6,2,February,1,Q1,2019,False,2019,1
20190208,2019-02-08,8,Friday,6,2,February,1,Q1,2019,False,2019,1
20190209,2019-02-09,9,Saturday,6,2,February,1,Q1,2019,True,2019,1
20190210,2019-02-10,10,Sunday,6,2,February,1,Q1,2019,True,2019,1
20190211,2019-02-11,11,Monday,7,2,February,1,Q1,2019,False,2019,1
20190212,2019-02-12,12,Tuesday,7,2,February,1,Q1,2019,False,2019,1
20190213,2019-02-13,13,Wednesday,7,2,February,1,Q1,2019,False,2019,1
20190214,2019-02-14,14,Thursday,7,2,February,1,Q1,2019,False,2019,1
20190215,2019-02-15,15,Friday,7,2,February,1,Q1,2019,False,2019,1
20190216,2019-02-16,16,Saturday,7,2,February,1,Q1,2019,True,2019,1
20190217,2019-02-17,17,Sunday,7,2,February,1,Q1,2019,True,2019,1
20190218,2019-02-18,18,Monday,8,2,February,1,Q1,2019,False,2019,1
20190219,2019-02-19,19,Tuesday,8,2,February,1,Q1,2019,False,2019,1
20190220,2019-02-20,20,Wednesday,8,2,February,1,Q1,2019,False,2019,1
20190221,2019-02-21,21,Thursday,8,2,February,1,Q1,2019,False,2019,1
20190222,2019-02-22,22,Friday,8,2,February,1,Q1,2019,False,2019,1
20190223,2019-02-23,23,Saturday,8,2,February,1,Q1,2019,True,2019,1
20190224,2019-02-24,24,Sunday,8,2,February,1,Q1,2019,True,2019,1
20190225,2019-02-25,25,Monday,9,2,February,1,Q1,2019,False,2019,1
20190226,2019-02-26,26,Tuesday,9,2,February,1,Q1,2019,False,2019,1
20190227,2019-02-27,27,Wednesday,9,2,February,1,Q1,2019,False,2019,1
20190228,2019-02-28,28,Thursday,9,2,February,1,Q1,2019,False,2019,1
20190301,2019-03-01,1,Friday,9,3,March,1,Q1,2019,False,2019,1
20190302,2019-03-02,2,Saturday,9,3,March,1,Q1,2019,True,2019,1
20190303,2019-03-03,3,Sunday,9,3,March,1,Q1,2019,True,2019,1
20190304,2019-03-04,4,Monday,10,3,March,1,Q1,2019,False,2019,1
20190305,2019-03-05,5,Tuesday,10,3,March,1,Q1,2019,False,2019,1
20190306,2019-03-06,6,Wednesday,10,3,March,1,Q1,2019,False,2019,1
20190307,2019-03-07,7,Thursday,10,3,March,1,Q1,2019,False,2019,1
20190308,2019-03-08,8,Friday,10,3,March,1,Q1,2019,False,2019,1
20190309,2019-03-09,9,Saturday,10,3,March,1,Q1,2019,True,2019,1
20190310,2019-03-10,10,Sunday,10,3,March,1,Q1,2019,True,2019,1
20190311,2019-03-11,11,Monday,11,3,March,1,Q1,2019,False,2019,1
20190312,2019-03-12,12,Tuesday,11,3,March,1,Q1,2019,False,2019,1
20190313,2019-03-13,13,Wednesday,11,3,March,1,Q1,2019,False,2019,1
20190314,2019-03-14,14,Thursday,11,3,March,1,Q1,2019,False,2019,1
20190315,2019-03-15,15,Friday,11,3,March,1,Q1,2019,False,2019,1
20190316,2019-03-16,16,Saturday,11,3,March,1,Q1,2019,True,2019,1
20190317,2019-03-17,17,Sunday,11,3,March,1,Q1,2019,True,2019,1
20190318,2019-03-18,18,Monday,12,3,March,1,Q1,2019,False,2019,1
20190319,2019-03-19,19,Tuesday,12,3,March,1,Q1,2019,False,2019,1
20190320,2019-03-20,20,Wednesday,12,3,March,1,Q1,2019,False,2019,1
20190321,2019-03-21,21,Thursday,12,3,March,1,Q1,2019,False,2019,1
20190322,2019-03-22,22,Friday,12,3,March,1,Q1,2019,False,2019,1
20190323,2019-03-23,23,Saturday,12,3,March,1,Q1,2019,True,2019,1
20190324,2019-03-24,24,Sunday,12,3,March,1,Q1,2019,True,2019,1
20190325,2019-03-25,25,Monday,13,3,March,1,Q1,2019,False,2019,1
20190326,2019-03-26,26,Tuesday,13,3,March,1,Q1,2019,False,2019,1
20190327,2019-03-27,27,Wednesday,13,3,March,1,Q1,2019,False,2019,1
20190328,2019-03-28,28,Thursday,13,3,March,1,Q1,2019,False,2019,1
20190329,2019-03-29,29,Friday,13,3,March,1,Q1,2019,False,2019,1
20190330,2019-03-30,30,Saturday,13,3,March,1,Q1,2019,True,2019,1
20190331,2019-03-31,31,Sunday,13,3,March,1,Q1,2019,True,2019,1
20190401,2019-04-01,1,Monday,14,4,April,2,Q2,2019,False,2019,2
20190402,2019-04-02,2,Tuesday,14,4,April,2,Q2,2019,False,2019,2
20190403,2019-04-03,3,Wednesday,14,4,April,2,Q2,2019,False,2019,2
20190404,2019-04-04,4,Thursday,14,4,April,2,Q2,2019,False,2019,2
20190405,2019-04-05,5,Friday,14,4,April,2,Q2,2019,False,2019,2
20190406,2019-04-06,6,Saturday,14,4,April,2,Q2,2019,True,2019,2
20190407,2019-04-07,7,Sunday,14,4,April,2,Q2,2019,True,2019,2
20190408,2019-04-08,8,Monday,15,4,April,2,Q2,2019,False,2019,2
20190409,2019-04-09,9,Tuesday,15,4,April,2,Q2,2019,False,2019,2
20190410,2019-04-10,10,Wednesday,15,4,April,2,Q2,2019,False,2019,2
20190411,2019-04-11,11,Thursday,15,4,April,2,Q2,2019,False,2019,2
20190412,2019-04-12,12,Friday,15,4,April,2,Q2,2019,False,2019,2
20190413,2019-04-13,13,Saturday,15,4,April,2,Q2,2019,True,2019,2
20190414,2019-04-14,14,Sunday,15,4,April,2,Q2,2019,True,2019,2
20190415,2019-04-15,15,Monday,16,4,April,2,Q2,2019,False,2019,2
20190416,2019-04-16,16,Tuesday,16,4,April,2,Q2,2019,False,2019,2
20190417,2019-04-17,17,Wednesday,16,4,April,2,Q2,2019,False,2019,2
20190418,2019-04-18,18,Thursday,16,4,April,2,Q2,2019,False,2019,2
20190419,2019-04-19,19,Friday,16,4,April,2,Q2,2019,False,2019,2
20190420,2019-04-20,20,Saturday,16,4,April,2,Q2,2019,True,2019,2
20190421,2019-04-21,21,Sunday,16,4,April,2,Q2,2019,True,2019,2
20190422,2019-04-22,22,Monday,17,4,April,2,Q2,2019,False,2019,2
20190423,2019-04-23,23,Tuesday,17,4,April,2,Q2,2019,False,2019,2
20190424,2019-04-24,24,Wednesday,17,4,April,2,Q2,2019,False,2019,2
20190425,2019-04-25,25,Thursday,17,4,April,2,Q2,2019,False,2019,2
20190426,2019-04-26,26,Friday,17,4,April,2,Q2,2019,False,2019,2
20190427,2019-04-27,27,Saturday,17,4,April,2,Q2,2019,True,2019,2
20190428,2019-04-28,28,Sunday,17,4,April,2,Q2,2019,True,2019,2
20190429,2019-04-29,29,Monday,18,4,April,2,Q2,2019,False,2019,2
20190430,2019-04-30,30,Tuesday,18,4,April,2,Q2,2019,False,2019,2
20190501,2019-05-01,1,Wednesday,18,5,May,2,Q2,2019,False,2019,2
20190502,2019-05-02,2,Thursday,18,5,May,2,Q2,2019,False,2019,2
20190503,2019-05-03,3,Friday,18,5,May,2,Q2,2019,False,2019,2
20190504,2019-05-04,4,Saturday,18,5,May,2,Q2,2019,True,2019,2
20190505,2019-05-05,5,Sunday,18,5,May,2,Q2,2019,True,2019,2
20190506,2019-05-06,6,Monday,19,5,May,2,Q2,2019,False,2019,2
20190507,2019-05-07,7,Tuesday,19,5,May,2,Q2,2019,False,2019,2
20190508,2019-05-08,8,Wednesday,19,5,May,2,Q2,2019,False,2019,2
20190509,2019-05-09,9,Thursday,19,5,May,2,Q2,2019,False,2019,2
20190510,2019-05-10,10,Friday,19,5,May,2,Q2,2019,False,2019,2
20190511,2019-05-11,11,Saturday,19,5,May,2,Q2,2019,True,2019,2
20190512,2019-05-12,12,Sunday,19,5,May,2,Q2,2019,True,2019,2
20190513,2019-05-13,13,Monday,20,5,May,2,Q2,2019,False,2019,2
20190514,2019-05-14,14,Tuesday,20,5,May,2,Q2,2019,False,2019,2
20190515,2019-05-15,15,Wednesday,20,5,May,2,Q2,2019,False,2019,2
20190516,2019-05-16,16,Thursday,20,5,May,2,Q2,2019,False,2019,2
20190517,2019-05-17,17,Friday,20,5,May,2,Q2,2019,False,2019,2
20190518,2019-05-18,18,Saturday,20,5,May,2,Q2,2019,True,2019,2
20190519,2019-05-19,19,Sunday,20,5,May,2,Q2,2019,True,2019,2
20190520,2019-05-20,20,Monday,21,5,May,2,Q2,2019,False,2019,2
20190521,2019-05-21,21,Tuesday,21,5,May,2,Q2,2019,False,2019,2
20190522,2019-05-22,22,Wednesday,21,5,May,2,Q2,2019,False,2019,2
20190523,2019-05-23,23,Thursday,21,5,May,2,Q2,2019,False,2019,2
20190524,2019-05-24,24,Friday,21,5,May,2,Q2,2019,False,2019,2
20190525,2019-05-25,25,Saturday,21,5,May,2,Q2,2019,True,2019,2
20190526,2019-05-26,26,Sunday,21,5,May,2,Q2,2019,True,2019,2
20190527,2019-05-27,27,Monday,22,5,May,2,Q2,2019,False,2019,2
20190528,2019-05-28,28,Tuesday,22,5,May,2,Q2,2019,False,2019,2
20190529,2019-05-29,29,Wednesday,22,5,May,2,Q2,2019,False,2019,2
20190530,2019-05-30,30,Thursday,22,5,May,2,Q2,2019,False,2019,2
20190531,2019-05-31,31,Friday,22,5,May,2,Q2,2019,False,2019,2
20190601,2019-06-01,1,Saturday,22,6,June,2,Q2,2019,True,2019,2
20190602,2019-06-02,2,Sunday,22,6,June,2,Q2,2019,True,2019,2
20190603,2019-06-03,3,Monday,23,6,June,2,Q2,2019,False,2019,2
20190604,2019-06-04,4,Tuesday,23,6,June,2,Q2,2019,False,2019,2
20190605,2019-06-05,5,Wednesday,23,6,June,2,Q2,2019,False,2019,2
20190606,2019-06-06,6,Thursday,23,6,June,2,Q2,2019,False,2019,2
20190607,2019-06-07,7,Friday,23,6,June,2,Q2,2019,False,2019,2
20190608,2019-06-08,8,Saturday,23,6,June,2,Q2,2019,True,2019,2
20190609,2019-06-09,9,Sunday,23,6,June,2,Q2,2019,True,2019,2
20190610,2019-06-10,10,Monday,24,6,June,2,Q2,2019,False,2019,2
20190611,2019-06-11,11,Tuesday,24,6,June,2,Q2,2019,False,2019,2
20190612,2019-06-12,12,Wednesday,24,6,June,2,Q2,2019,False,2019,2
20190613,2019-06-13,13,Thursday,24,6,June,2,Q2,2019,False,2019,2
20190614,2019-06-14,14,Friday,24,6,June,2,Q2,2019,False,2019,2
20190615,2019-06-15,15,Saturday,24,6,June,2,Q2,2019,True,2019,2
20190616,2019-06-16,16,Sunday,24,6,June,2,Q2,2019,True,2019,2
20190617,2019-06-17,17,Monday,25,6,June,2,Q2,2019,False,2019,2
20190618,2019-06-18,18,Tuesday,25,6,June,2,Q2,2019,False,2019,2
20190619,2019-06-19,19,Wednesday,25,6,June,2,Q2,2019,False,2019,2
20190620,2019-06-20,20,Thursday,25,6,June,2,Q2,2019,False,2019,2
20190621,2019-06-21,21,Friday,25,6,June,2,Q2,2019,False,2019,2
20190622,2019-06-22,22,Saturday,25,6,June,2,Q2,2019,True,2019,2
20190623,2019-06-23,23,Sunday,25,6,June,2,Q2,2019,True,2019,2
20190624,2019-06-24,24,Monday,26,6,June,2,Q2,2019,False,2019,2
20190625,2019-06-25,25,Tuesday,26,6,June,2,Q2,2019,False,2019,2
20190626,2019-06-26,26,Wednesday,26,6,June,2,Q2,2019,False,2019,2
20190627,2019-06-27,27,Thursday,26,6,June,2,Q2,2019,False,2019,2
20190628,2019-06-28,28,Friday,26,6,June,2,Q2,2019,False,2019,2
20190629,2019-06-29,29,Saturday,26,6,June,2,Q2,2019,True,2019,2
20190630,2019-06-30,30,Sunday,26,6,June,2,Q2,2019,True,2019,2
20190701,2019-07-01,1,Monday,27,7,July,3,Q3,2019,False,2019,3
20190702,2019-07-02,2,Tuesday,27,7,July,3,Q3,2019,False,2019,3
20190703,2019-07-03,3,Wednesday,27,7,July,3,Q3,2019,False,2019,3
20190704,2019-07-04,4,Thursday,27,7,July,3,Q3,2019,False,2019,3
20190705,2019-07-05,5,Friday,27,7,July,3,Q3,2019,False,2019,3
20190706,2019-07-06,6,Saturday,27,7,July,3,Q3,2019,True,2019,3
20190707,2019-07-07,7,Sunday,27,7,July,3,Q3,2019,True,2019,3
20190708,2019-07-08,8,Monday,28,7,July,3,Q3,2019,False,2019,3
20190709,2019-07-09,9,Tuesday,28,7,July,3,Q3,2019,False,2019,3
20190710,2019-07-10,10,Wednesday,28,7,July,3,Q3,2019,False,2019,3
20190711,2019-07-11,11,Thursday,28,7,July,3,Q3,2019,False,2019,3
20190712,2019-07-12,12,Friday,28,7,July,3,Q3,2019,False,2019,3
20190713,2019-07-13,13,Saturday,28,7,July,3,Q3,2019,True,2019,3
20190714,2019-07-14,14,Sunday,28,7,July,3,Q3,2019,True,2019,3
20190715,2019-07-15,15,Monday,29,7,July,3,Q3,2019,False,2019,3
20190716,2019-07-16,16,Tuesday,29,7,July,3,Q3,2019,False,2019,3
20190717,2019-07-17,17,Wednesday,29,7,July,3,Q3,2019,False,2019,3
20190718,2019-07-18,18,Thursday,29,7,July,3,Q3,2019,False,2019,3
20190719,2019-07-19,19,Friday,29,7,July,3,Q3,2019,False,2019,3
20190720,2019-07-20,20,Saturday,29,7,July,3,Q3,2019,True,2019,3
20190721,2019-07-21,21,Sunday,29,7,July,3,Q3,2019,True,2019,3
20190722,2019-07-22,22,Monday,30,7,July,3,Q3,2019,False,2019,3
20190723,2019-07-23,23,Tuesday,30,7,July,3,Q3,2019,False,2019,3
20190724,2019-07-24,24,Wednesday,30,7,July,3,Q3,2019,False,2019,3
20190725,2019-07-25,25,Thursday,30,7,July,3,Q3,2019,False,2019,3
20190726,2019-07-26,26,Friday,30,7,July,3,Q3,2019,False,2019,3
20190727,2019-07-27,27,Saturday,30,7,July,3,Q3,2019,True,2019,3
20190728,2019-07-28,28,Sunday,30,7,July,3,Q3,2019,True,2019,3
20190729,2019-07-29,29,Monday,31,7,July,3,Q3,2019,False,2019,3
20190730,2019-07-30,30,Tuesday,31,7,July,3,Q3,2019,False,2019,3
20190731,2019-07-31,31,Wednesday,31,7,July,3,Q3,2019,False,2019,3
20190801,2019-08-01,1,Thursday,31,8,August,3,Q3,2019,False,2019,3
20190802,2019-08-02,2,Friday,31,8,August,3,Q3,2019,False,2019,3
20190803,2019-08-03,3,Saturday,31,8,August,3,Q3,2019,True,2019,3
20190804,2019-08-04,4,Sunday,31,8,August,3,Q3,2019,True,2019,3
20190805,2019-08-05,5,Monday,32,8,August,3,Q3,2019,False,2019,3
20190806,2019-08-06,6,Tuesday,32,8,August,3,Q3,2019,False,2019,3
20190807,2019-08-07,7,Wednesday,32,8,August,3,Q3,2019,False,2019,3
20190808,2019-08-08,8,Thursday,32,8,August,3,Q3,2019,False,2019,3
20190809,2019-08-09,9,Friday,32,8,August,3,Q3,2019,False,2019,3
20190810,2019-08-10,10,Saturday,32,8,August,3,Q3,2019,True,2019,3
20190811,2019-08-11,11,Sunday,32,8,August,3,Q3,2019,True,2019,3
20190812,2019-08-12,12,Monday,33,8,August,3,Q3,2019,False,2019,3
20190813,2019-08-13,13,Tuesday,33,8,August,3,Q3,2019,False,2019,3
20190814,2019-08-14,14,Wednesday,33,8,August,3,Q3,2019,False,2019,3
20190815,2019-08-15,15,Thursday,33,8,August,3,Q3,2019,False,2019,3
20190816,2019-08-16,16,Friday,33,8,August,3,Q3,2019,False,2019,3
20190817,2019-08-17,17,Saturday,33,8,August,3,Q3,2019,True,2019,3
20190818,2019-08-18,18,Sunday,33,8,August,3,Q3,2019,True,2019,3
20190819,2019-08-19,19,Monday,34,8,August,3,Q3,2019,False,2019,3
20190820,2019-08-20,20,Tuesday,34,8,August,3,Q3,2019,False,2019,3
20190821,2019-08-21,21,Wednesday,34,8,August,3,Q3,2019,False,2019,3
20190822,2019-08-22,22,Thursday,34,8,August,3,Q3,2019,False,2019,3
20190823,2019-08-23,23,Friday,34,8,August,3,Q3,2019,False,2019,3
20190824,2019-08-24,24,Saturday,34,8,August,3,Q3,2019,True,2019,3
20190825,2019-08-25,25,Sunday,34,8,August,3,Q3,2019,True,2019,3
20190826,2019-08-26,26,Monday,35,8,August,3,Q3,2019,False,2019,3
20190827,2019-08-27,27,Tuesday,35,8,August,3,Q3,2019,False,2019,3
20190828,2019-08-28,28,Wednesday,35,8,August,3,Q3,2019,False,2019,3
20190829,2019-08-29,29,Thursday,35,8,August,3,Q3,2019,False,2019,3
20190830,2019-08-30,30,Friday,35,8,August,3,Q3,2019,False,2019,3
20190831,2019-08-31,31,Saturday,35,8,August,3,Q3,2019,True,2019,3
20190901,2019-09-01,1,Sunday,35,9,September,3,Q3,2019,True,2019,3
20190902,2019-09-02,2,Monday,36,9,September,3,Q3,2019,False,2019,3
20190903,2019-09-03,3,Tuesday,36,9,September,3,Q3,2019,False,2019,3
20190904,2019-09-04,4,Wednesday,36,9,September,3,Q3,2019,False,2019,3
20190905,2019-09-05,5,Thursday,36,9,September,3,Q3,2019,False,2019,3
20190906,2019-09-06,6,Friday,36,9,September,3,Q3,2019,False,2019,3
20190907,2019-09-07,7,Saturday,36,9,September,3,Q3,2019,True,2019,3
20190908,2019-09-08,8,Sunday,36,9,September,3,Q3,2019,True,2019,3
20190909,2019-09-09,9,Monday,37,9,September,3,Q3,2019,False,2019,3
20190910,2019-09-10,10,Tuesday,37,9,September,3,Q3,2019,False,2019,3
20190911,2019-09-11,11,Wednesday,37,9,September,3,Q3,2019,False,2019,3
20190912,2019-09-12,12,Thursday,37,9,September,3,Q3,2019,False,2019,3
20190913,2019-09-13,13,Friday,37,9,September,3,Q3,2019,False,2019,3
20190914,2019-09-14,14,Saturday,37,9,September,3,Q3,2019,True,2019,3
20190915,2019-09-15,15,Sunday,37,9,September,3,Q3,2019,True,2019,3
20190916,2019-09-16,16,Monday,38,9,September,3,Q3,2019,False,2019,3
20190917,2019-09-17,17,Tuesday,38,9,September,3,Q3,2019,False,2019,3
20190918,2019-09-18,18,Wednesday,38,9,September,3,Q3,2019,False,2019,3
20190919,2019-09-19,19,Thursday,38,9,September,3,Q3,2019,False,2019,3
20190920,2019-09-20,20,Friday,38,9,September,3,Q3,2019,False,2019,3
20190921,2019-09-21,21,Saturday,38,9,September,3,Q3,2019,True,2019,3
20190922,2019-09-22,22,Sunday,38,9,September,3,Q3,2019,True,2019,3
20190923,2019-09-23,23,Monday,39,9,September,3,Q3,2019,False,2019,3
20190924,2019-09-24,24,Tuesday,39,9,September,3,Q3,2019,False,2019,3
20190925,2019-09-25,25,Wednesday,39,9,September,3,Q3,2019,False,2019,3
20190926,2019-09-26,26,Thursday,39,9,September,3,Q3,2019,False,2019,3
20190927,2019-09-27,27,Friday,39,9,September,3,Q3,2019,False,2019,3
20190928,2019-09-28,28,Saturday,39,9,September,3,Q3,2019,True,2019,3
20190929,2019-09-29,29,Sunday,39,9,September,3,Q3,2019,True,2019,3
20190930,2019-09-30,30,Monday,40,9,September,3,Q3,2019,False,2019,3
20191001,2019-10-01,1,Tuesday,40,10,October,4,Q4,2019,False,2020,4
20191002,2019-10-02,2,Wednesday,40,10,October,4,Q4,2019,False,2020,4
20191003,2019-10-03,3,Thursday,40,10,October,4,Q4,2019,False,2020,4
20191004,2019-10-04,4,Friday,40,10,October,4,Q4,2019,False,2020,4
20191005,2019-10-05,5,Saturday,40,10,October,4,Q4,2019,True,2020,4
20191006,2019-10-06,6,Sunday,40,10,October,4,Q4,2019,True,2020,4
20191007,2019-10-07,7,Monday,41,10,October,4,Q4,2019,False,2020,4
20191008,2019-10-08,8,Tuesday,41,10,October,4,Q4,2019,False,2020,4
20191009,2019-10-09,9,Wednesday,41,10,October,4,Q4,2019,False,2020,4
20191010,2019-10-10,10,Thursday,41,10,October,4,Q4,2019,False,2020,4
20191011,2019-10-11,11,Friday,41,10,October,4,Q4,2019,False,2020,4
20191012,2019-10-12,12,Saturday,41,10,October,4,Q4,2019,True,2020,4
20191013,2019-10-13,13,Sunday,41,10,October,4,Q4,2019,True,2020,4
20191014,2019-10-14,14,Monday,42,10,October,4,Q4,2019,False,2020,4
20191015,2019-10-15,15,Tuesday,42,10,October,4,Q4,2019,False,2020,4
20191016,2019-10-16,16,Wednesday,42,10,October,4,Q4,2019,False,2020,4
20191017,2019-10-17,17,Thursday,42,10,October,4,Q4,2019,False,2020,4
20191018,2019-10-18,18,Friday,42,10,October,4,Q4,2019,False,2020,4
20191019,2019-10-19,19,Saturday,42,10,October,4,Q4,2019,True,2020,4
20191020,2019-10-20,20,Sunday,42,10,October,4,Q4,2019,True,2020,4
20191021,2019-10-21,21,Monday,43,10,October,4,Q4,2019,False,2020,4
20191022,2019-10-22,22,Tuesday,43,10,October,4,Q4,2019,False,2020,4
20191023,2019-10-23,23,Wednesday,43,10,October,4,Q4,2019,False,2020,4
20191024,2019-10-24,24,Thursday,43,10,October,4,Q4,2019,False,2020,4
20191025,2019-10-25,25,Friday,43,10,October,4,Q4,2019,False,2020,4
20191026,2019-10-26,26,Saturday,43,10,October,4,Q4,2019,True,2020,4
20191027,2019-10-27,27,Sunday,43,10,October,4,Q4,2019,True,2020,4
20191028,2019-10-28,28,Monday,44,10,October,4,Q4,2019,False,2020,4
20191029,2019-10-29,29,Tuesday,44,10,October,4,Q4,2019,False,2020,4
20191030,2019-10-30,30,Wednesday,44,10,October,4,Q4,2019,False,2020,4
20191031,2019-10-31,31,Thursday,44,10,October,4,Q4,2019,False,2020,4
20191101,2019-11-01,1,Friday,44,11,November,4,Q4,2019,False,2020,4
20191102,2019-11-02,2,Saturday,44,11,November,4,Q4,2019,True,2020,4
20191103,2019-11-03,3,Sunday,44,11,November,4,Q4,2019,True,2020,4
20191104,2019-11-04,4,Monday,45,11,November,4,Q4,2019,False,2020,4
20191105,2019-11-05,5,Tuesday,45,11,November,4,Q4,2019,False,2020,4
20191106,2019-11-06,6,Wednesday,45,11,November,4,Q4,2019,False,2020,4
20191107,2019-11-07,7,Thursday,45,11,November,4,Q4,2019,False,2020,4
20191108,2019-11-08,8,Friday,45,11,November,4,Q4,2019,False,2020,4
20191109,2019-11-09,9,Saturday,45,11,November,4,Q4,2019,True,2020,4
20191110,2019-11-10,10,Sunday,45,11,November,4,Q4,2019,True,2020,4
20191111,2019-11-11,11,Monday,46,11,November,4,Q4,2019,False,2020,4
20191112,2019-11-12,12,Tuesday,46,11,November,4,Q4,2019,False,2020,4
20191113,2019-11-13,13,Wednesday,46,11,November,4,Q4,2019,False,2020,4
20191114,2019-11-14,14,Thursday,46,11,November,4,Q4,2019,False,2020,4
20191115,2019-11-15,15,Friday,46,11,November,4,Q4,2019,False,2020,4
20191116,2019-11-16,16,Saturday,46,11,November,4,Q4,2019,True,2020,4
20191117,2019-11-17,17,Sunday,46,11,November,4,Q4,2019,True,2020,4
20191118,2019-11-18,18,Monday,47,11,November,4,Q4,2019,False,2020,4
20191119,2019-11-19,19,Tuesday,47,11,November,4,Q4,2019,False,2020,4
20191120,2019-11-20,20,Wednesday,47,11,November,4,Q4,2019,False,2020,4
20191121,2019-11-21,21,Thursday,47,11,November,4,Q4,2019,False,2020,4
20191122,2019-11-22,22,Friday,47,11,November,4,Q4,2019,False,2020,4
20191123,2019-11-23,23,Saturday,47,11,November,4,Q4,2019,True,2020,4
20191124,2019-11-24,24,Sunday,47,11,November,4,Q4,2019,True,2020,4
20191125,2019-11-25,25,Monday,48,11,November,4,Q4,2019,False,2020,4
20191126,2019-11-26,26,Tuesday,48,11,November,4,Q4,2019,False,2020,4
20191127,2019-11-27,27,Wednesday,48,11,November,4,Q4,2019,False,2020,4
20191128,2019-11-28,28,Thursday,48,11,November,4,Q4,2019,False,2020,4
20191129,2019-11-29,29,Friday,48,11,November,4,Q4,2019,False,2020,4
20191130,2019-11-30,30,Saturday,48,11,November,4,Q4,2019,True,2020,4
20191201,2019-12-01,1,Sunday,48,12,December,4,Q4,2019,True,2020,4
20191202,2019-12-02,2,Monday,49,12,December,4,Q4,2019,False,2020,4
20191203,2019-12-03,3,Tuesday,49,12,December,4,Q4,2019,False,2020,4
20191204,2019-12-04,4,Wednesday,49,12,December,4,Q4,2019,False,2020,4
20191205,2019-12-05,5,Thursday,49,12,December,4,Q4,2019,False,2020,4
20191206,2019-12-06,6,Friday,49,12,December,4,Q4,2019,False,2020,4
20191207,2019-12-07,7,Saturday,49,12,December,4,Q4,2019,True,2020,4
20191208,2019-12-08,8,Sunday,49,12,December,4,Q4,2019,True,2020,4
20191209,2019-12-09,9,Monday,50,12,December,4,Q4,2019,False,2020,4
20191210,2019-12-10,10,Tuesday,50,12,December,4,Q4,2019,False,2020,4
20191211,2019-12-11,11,Wednesday,50,12,December,4,Q4,2019,False,2020,4
20191212,2019-12-12,12,Thursday,50,12,December,4,Q4,2019,False,2020,4
20191213,2019-12-13,13,Friday,50,12,December,4,Q4,2019,False,2020,4
20191214,2019-12-14,14,Saturday,50,12,December,4,Q4,2019,True,2020,4
20191215,2019-12-15,15,Sunday,50,12,December,4,Q4,2019,True,2020,4
20191216,2019-12-16,16,Monday,51,12,December,4,Q4,2019,False,2020,4
20191217,2019-12-17,17,Tuesday,51,12,December,4,Q4,2019,False,2020,4
20191218,2019-12-18,18,Wednesday,51,12,December,4,Q4,2019,False,2020,4
20191219,2019-12-19,19,Thursday,51,12,December,4,Q4,2019,False,2020,4
20191220,2019-12-20,20,Friday,51,12,December,4,Q4,2019,False,2020,4
20191221,2019-12-21,21,Saturday,51,12,December,4,Q4,2019,True,2020,4
20191222,2019-12-22,22,Sunday,51,12,December,4,Q4,2019,True,2020,4
20191223,2019-12-23,23,Monday,52,12,December,4,Q4,2019,False,2020,4
20191224,2019-12-24,24,Tuesday,52,12,December,4,Q4,2019,False,2020,4
20191225,2019-12-25,25,Wednesday,52,12,December,4,Q4,2019,False,2020,4
20191226,2019-12-26,26,Thursday,52,12,December,4,Q4,2019,False,2020,4
20191227,2019-12-27,27,Friday,52,12,December,4,Q4,2019,False,2020,4
20191228,2019-12-28,28,Saturday,52,12,December,4,Q4,2019,True,2020,4
20191229,2019-12-29,29,Sunday,52,12,December,4,Q4,2019,True,2020,4
20191230,2019-12-30,30,Monday,1,12,December,4,Q4,2019,False,2020,4
20191231,2019-12-31,31,Tuesday,1,12,December,4,Q4,2019,False,2020,4
20200101,2020-01-01,1,Wednesday,1,1,January,1,Q1,2020,False,2020,1
20200102,2020-01-02,2,Thursday,1,1,January,1,Q1,2020,False,2020,1
20200103,2020-01-03,3,Friday,1,1,January,1,Q1,2020,False,2020,1
20200104,2020-01-04,4,Saturday,1,1,January,1,Q1,2020,True,2020,1
20200105,2020-01-05,5,Sunday,1,1,January,1,Q1,2020,True,2020,1
20200106,2020-01-06,6,Monday,2,1,January,1,Q1,2020,False,2020,1
20200107,2020-01-07,7,Tuesday,2,1,January,1,Q1,2020,False,2020,1
20200108,2020-01-08,8,Wednesday,2,1,January,1,Q1,2020,False,2020,1
20200109,2020-01-09,9,Thursday,2,1,January,1,Q1,2020,False,2020,1
20200110,2020-01-10,10,Friday,2,1,January,1,Q1,2020,False,2020,1
20200111,2020-01-11,11,Saturday,2,1,January,1,Q1,2020,True,2020,1
20200112,2020-01-12,12,Sunday,2,1,January,1,Q1,2020,True,2020,1
20200113,2020-01-13,13,Monday,3,1,January,1,Q1,2020,False,2020,1
20200114,2020-01-14,14,Tuesday,3,1,January,1,Q1,2020,False,2020,1
20200115,2020-01-15,15,Wednesday,3,1,January,1,Q1,2020,False,2020,1
20200116,2020-01-16,16,Thursday,3,1,January,1,Q1,2020,False,2020,1
20200117,2020-01-17,17,Friday,3,1,January,1,Q1,2020,False,2020,1
20200118,2020-01-18,18,Saturday,3,1,January,1,Q1,2020,True,2020,1
20200119,2020-01-19,19,Sunday,3,1,January,1,Q1,2020,True,2020,1
20200120,2020-01-20,20,Monday,4,1,January,1,Q1,2020,False,2020,1
20200121,2020-01-21,21,Tuesday,4,1,January,1,Q1,2020,False,2020,1
20200122,2020-01-22,22,Wednesday,4,1,January,1,Q1,2020,False,2020,1
20200123,2020-01-23,23,Thursday,4,1,January,1,Q1,2020,False,2020,1
20200124,2020-01-24,24,Friday,4,1,January,1,Q1,2020,False,2020,1
20200125,2020-01-25,25,Saturday,4,1,January,1,Q1,2020,True,2020,1
20200126,2020-01-26,26,Sunday,4,1,January,1,Q1,2020,True,2020,1
20200127,2020-01-27,27,Monday,5,1,January,1,Q1,2020,False,2020,1
20200128,2020-01-28,28,Tuesday,5,1,January,1,Q1,2020,False,2020,1
20200129,2020-01-29,29,Wednesday,5,1,January,1,Q1,2020,False,2020,1
20200130,2020-01-30,30,Thursday,5,1,January,1,Q1,2020,False,2020,1
20200131,2020-01-31,31,Friday,5,1,January,1,Q1,2020,False,2020,1
20200201,2020-02-01,1,Saturday,5,2,February,1,Q1,2020,True,2020,1
20200202,2020-02-02,2,Sunday,5,2,February,1,Q1,2020,True,2020,1
20200203,2020-02-03,3,Monday,6,2,February,1,Q1,2020,False,2020,1
20200204,2020-02-04,4,Tuesday,6,2,February,1,Q1,2020,False,2020,1
20200205,2020-02-05,5,Wednesday,6,2,February,1,Q1,2020,False,2020,1
20200206,2020-02-06,6,Thursday,6,2,February,1,Q1,2020,False,2020,1
20200207,2020-02-07,7,Friday,6,2,February,1,Q1,2020,False,2020,1
20200208,2020-02-08,8,Saturday,6,2,February,1,Q1,2020,True,2020,1
20200209,2020-02-09,9,Sunday,6,2,February,1,Q1,2020,True,2020,1
20200210,2020-02-10,10,Monday,7,2,February,1,Q1,2020,False,2020,1
20200211,2020-02-11,11,Tuesday,7,2,February,1,Q1,2020,False,2020,1
20200212,2020-02-12,12,Wednesday,7,2,February,1,Q1,2020,False,2020,1
20200213,2020-02-13,13,Thursday,7,2,February,1,Q1,2020,False,2020,1
20200214,2020-02-14,14,Friday,7,2,February,1,Q1,2020,False,2020,1
20200215,2020-02-15,15,Saturday,7,2,February,1,Q1,2020,True,2020,1
20200216,2020-02-16,16,Sunday,7,2,February,1,Q1,2020,True,2020,1
20200217,2020-02-17,17,Monday,8,2,February,1,Q1,2020,False,2020,1
20200218,2020-02-18,18,Tuesday,8,2,February,1,Q1,2020,False,2020,1
20200219,2020-02-19,19,Wednesday,8,2,February,1,Q1,2020,False,2020,1
20200220,2020-02-20,20,Thursday,8,2,February,1,Q1,2020,False,2020,1
20200221,2020-02-21,21,Friday,8,2,February,1,Q1,2020,False,2020,1
20200222,2020-02-22,22,Saturday,8,2,February,1,Q1,2020,True,2020,1
20200223,2020-02-23,23,Sunday,8,2,February,1,Q1,2020,True,2020,1
20200224,2020-02-24,24,Monday,9,2,February,1,Q1,2020,False,2020,1
20200225,2020-02-25,25,Tuesday,9,2,February,1,Q1,2020,False,2020,1
20200226,2020-02-26,26,Wednesday,9,2,February,1,Q1,2020,False,2020,1
20200227,2020-02-27,27,Thursday,9,2,February,1,Q1,2020,False,2020,1
20200228,2020-02-28,28,Friday,9,2,February,1,Q1,2020,False,2020,1
20200229,2020-02-29,29,Saturday,9,2,February,1,Q1,2020,True,2020,1
20200301,2020-03-01,1,Sunday,9,3,March,1,Q1,2020,True,2020,1
20200302,2020-03-02,2,Monday,10,3,March,1,Q1,2020,False,2020,1
20200303,2020-03-03,3,Tuesday,10,3,March,1,Q1,2020,False,2020,1
20200304,2020-03-04,4,Wednesday,10,3,March,1,Q1,2020,False,2020,1
20200305,2020-03-05,5,Thursday,10,3,March,1,Q1,2020,False,2020,1
20200306,2020-03-06,6,Friday,10,3,March,1,Q1,2020,False,2020,1
20200307,2020-03-07,7,Saturday,10,3,March,1,Q1,2020,True,2020,1
20200308,2020-03-08,8,Sunday,10,3,March,1,Q1,2020,True,2020,1
20200309,2020-03-09,9,Monday,11,3,March,1,Q1,2020,False,2020,1
20200310,2020-03-10,10,Tuesday,11,3,March,1,Q1,2020,False,2020,1
20200311,2020-03-11,11,Wednesday,11,3,March,1,Q1,2020,False,2020,1
20200312,2020-03-12,12,Thursday,11,3,March,1,Q1,2020,False,2020,1
20200313,2020-03-13,13,Friday,11,3,March,1,Q1,2020,False,2020,1
20200314,2020-03-14,14,Saturday,11,3,March,1,Q1,2020,True,2020,1
20200315,2020-03-15,15,Sunday,11,3,March,1,Q1,2020,True,2020,1
20200316,2020-03-16,16,Monday,12,3,March,1,Q1,2020,False,2020,1
20200317,2020-03-17,17,Tuesday,12,3,March,1,Q1,2020,False,2020,1
20200318,2020-03-18,18,Wednesday,12,3,March,1,Q1,2020,False,2020,1
20200319,2020-03-19,19,Thursday,12,3,March,1,Q1,2020,False,2020,1
20200320,2020-03-20,20,Friday,12,3,March,1,Q1,2020,False,2020,1
20200321,2020-03-21,21,Saturday,12,3,March,1,Q1,2020,True,2020,1
20200322,2020-03-22,22,Sunday,12,3,March,1,Q1,2020,True,2020,1
20200323,2020-03-23,23,Monday,13,3,March,1,Q1,2020,False,2020,1
20200324,2020-03-24,24,Tuesday,13,3,March,1,Q1,2020,False,2020,1
20200325,2020-03-25,25,Wednesday,13,3,March,1,Q1,2020,False,2020,1
20200326,2020-03-26,26,Thursday,13,3,March,1,Q1,2020,False,2020,1
20200327,2020-03-27,27,Friday,13,3,March,1,Q1,2020,False,2020,1
20200328,2020-03-28,28,Saturday,13,3,March,1,Q1,2020,True,2020,1
20200329,2020-03-29,29,Sunday,13,3,March,1,Q1,2020,True,2020,1
20200330,2020-03-30,30,Monday,14,3,March,1,Q1,2020,False,2020,1
20200331,2020-03-31,31,Tuesday,14,3,March,1,Q1,2020,False,2020,1
20200401,2020-04-01,1,Wednesday,14,4,April,2,Q2,2020,False,2020,2
20200402,2020-04-02,2,Thursday,14,4,April,2,Q2,2020,False,2020,2
20200403,2020-04-03,3,Friday,14,4,April,2,Q2,2020,False,2020,2
20200404,2020-04-04,4,Saturday,14,4,April,2,Q2,2020,True,2020,2
20200405,2020-04-05,5,Sunday,14,4,April,2,Q2,2020,True,2020,2
20200406,2020-04-06,6,Monday,15,4,April,2,Q2,2020,False,2020,2
20200407,2020-04-07,7,Tuesday,15,4,April,2,Q2,2020,False,2020,2
20200408,2020-04-08,8,Wednesday,15,4,April,2,Q2,2020,False,2020,2
20200409,2020-04-09,9,Thursday,15,4,April,2,Q2,2020,False,2020,2
20200410,2020-04-10,10,Friday,15,4,April,2,Q2,2020,False,2020,2
20200411,2020-04-11,11,Saturday,15,4,April,2,Q2,2020,True,2020,2
20200412,2020-04-12,12,Sunday,15,4,April,2,Q2,2020,True,2020,2
20200413,2020-04-13,13,Monday,16,4,April,2,Q2,2020,False,2020,2
20200414,2020-04-14,14,Tuesday,16,4,April,2,Q2,2020,False,2020,2
20200415,2020-04-15,15,Wednesday,16,4,April,2,Q2,2020,False,2020,2
20200416,2020-04-16,16,Thursday,16,4,April,2,Q2,2020,False,2020,2
20200417,2020-04-17,17,Friday,16,4,April,2,Q2,2020,False,2020,2
20200418,2020-04-18,18,Saturday,16,4,April,2,Q2,2020,True,2020,2
20200419,2020-04-19,19,Sunday,16,4,April,2,Q2,2020,True,2020,2
20200420,2020-04-20,20,Monday,17,4,April,2,Q2,2020,False,2020,2
20200421,2020-04-21,21,Tuesday,17,4,April,2,Q2,2020,False,2020,2
20200422,2020-04-22,22,Wednesday,17,4,April,2,Q2,2020,False,2020,2
20200423,2020-04-23,23,Thursday,17,4,April,2,Q2,2020,False,2020,2
20200424,2020-04-24,24,Friday,17,4,April,2,Q2,2020,False,2020,2
20200425,2020-04-25,25,Saturday,17,4,April,2,Q2,2020,True,2020,2
20200426,2020-04-26,26,Sunday,17,4,April,2,Q2,2020,True,2020,2
20200427,2020-04-27,27,Monday,18,4,April,2,Q2,2020,False,2020,2
20200428,2020-04-28,28,Tuesday,18,4,April,2,Q2,2020,False,2020,2
20200429,2020-04-29,29,Wednesday,18,4,April,2,Q2,2020,False,2020,2
20200430,2020-04-30,30,Thursday,18,4,April,2,Q2,2020,False,2020,2
20200501,2020-05-01,1,Friday,18,5,May,2,Q2,2020,False,2020,2
20200502,2020-05-02,2,Saturday,18,5,May,2,Q2,2020,True,2020,2
20200503,2020-05-03,3,Sunday,18,5,May,2,Q2,2020,True,2020,2
20200504,2020-05-04,4,Monday,19,5,May,2,Q2,2020,False,2020,2
20200505,2020-05-05,5,Tuesday,19,5,May,2,Q2,2020,False,2020,2
20200506,2020-05-06,6,Wednesday,19,5,May,2,Q2,2020,False,2020,2
20200507,2020-05-07,7,Thursday,19,5,May,2,Q2,2020,False,2020,2
20200508,2020-05-08,8,Friday,19,5,May,2,Q2,2020,False,2020,2
20200509,2020-05-09,9,Saturday,19,5,May,2,Q2,2020,True,2020,2
20200510,2020-05-10,10,Sunday,19,5,May,2,Q2,2020,True,2020,2
20200511,2020-05-11,11,Monday,20,5,May,2,Q2,2020,False,2020,2
20200512,2020-05-12,12,Tuesday,20,5,May,2,Q2,2020,False,2020,2
20200513,2020-05-13,13,Wednesday,20,5,May,2,Q2,2020,False,2020,2
20200514,2020-05-14,14,Thursday,20,5,May,2,Q2,2020,False,2020,2
20200515,2020-05-15,15,Friday,20,5,May,2,Q2,2020,False,2020,2
20200516,2020-05-16,16,Saturday,20,5,May,2,Q2,2020,True,2020,2
20200517,2020-05-17,17,Sunday,20,5,May,2,Q2,2020,True,2020,2
20200518,2020-05-18,18,Monday,21,5,May,2,Q2,2020,False,2020,2
20200519,2020-05-19,19,Tuesday,21,5,May,2,Q2,2020,False,2020,2
20200520,2020-05-20,20,Wednesday,21,5,May,2,Q2,2020,False,2020,2
20200521,2020-05-21,21,Thursday,21,5,May,2,Q2,2020,False,2020,2
20200522,2020-05-22,22,Friday,21,5,May,2,Q2,2020,False,2020,2
20200523,2020-05-23,23,Saturday,21,5,May,2,Q2,2020,True,2020,2
20200524,2020-05-24,24,Sunday,21,5,May,2,Q2,2020,True,2020,2
20200525,2020-05-25,25,Monday,22,5,May,2,Q2,2020,False,2020,2
20200526,2020-05-26,26,Tuesday,22,5,May,2,Q2,2020,False,2020,2
20200527,2020-05-27,27,Wednesday,22,5,May,2,Q2,2020,False,2020,2
20200528,2020-05-28,28,Thursday,22,5,May,2,Q2,2020,False,2020,2
20200529,2020-05-29,29,Friday,22,5,May,2,Q2,2020,False,2020,2
20200530,2020-05-30,30,Saturday,22,5,May,2,Q2,2020,True,2020,2
20200531,2020-05-31,31,Sunday,22,5,May,2,Q2,2020,True,2020,2
20200601,2020-06-01,1,Monday,23,6,June,2,Q2,2020,False,2020,2
20200602,2020-06-02,2,Tuesday,23,6,June,2,Q2,2020,False,2020,2
20200603,2020-06-03,3,Wednesday,23,6,June,2,Q2,2020,False,2020,2
20200604,2020-06-04,4,Thursday,23,6,June,2,Q2,2020,False,2020,2
20200605,2020-06-05,5,Friday,23,6,June,2,Q2,2020,False,2020,2
20200606,2020-06-06,6,Saturday,23,6,June,2,Q2,2020,True,2020,2
20200607,2020-06-07,7,Sunday,23,6,June,2,Q2,2020,True,2020,2
20200608,2020-06-08,8,Monday,24,6,June,2,Q2,2020,False,2020,2
20200609,2020-06-09,9,Tuesday,24,6,June,2,Q2,2020,False,2020,2
20200610,2020-06-10,10,Wednesday,24,6,June,2,Q2,2020,False,2020,2
20200611,2020-06-11,11,Thursday,24,6,June,2,Q2,2020,False,2020,2
20200612,2020-06-12,12,Friday,24,6,June,2,Q2,2020,False,2020,2
20200613,2020-06-13,13,Saturday,24,6,June,2,Q2,2020,True,2020,2
20200614,2020-06-14,14,Sunday,24,6,June,2,Q2,2020,True,2020,2
20200615,2020-06-15,15,Monday,25,6,June,2,Q2,2020,False,2020,2
20200616,2020-06-16,16,Tuesday,25,6,June,2,Q2,2020,False,2020,2
20200617,2020-06-17,17,Wednesday,25,6,June,2,Q2,2020,False,2020,2
20200618,2020-06-18,18,Thursday,25,6,June,2,Q2,2020,False,2020,2
20200619,2020-06-19,19,Friday,25,6,June,2,Q2,2020,False,2020,2
20200620,2020-06-20,20,Saturday,25,6,June,2,Q2,2020,True,2020,2
20200621,2020-06-21,21,Sunday,25,6,June,2,Q2,2020,True,2020,2
20200622,2020-06-22,22,Monday,26,6,June,2,Q2,2020,False,2020,2
20200623,2020-06-23,23,Tuesday,26,6,June,2,Q2,2020,False,2020,2
20200624,2020-06-24,24,Wednesday,26,6,June,2,Q2,2020,False,2020,2
20200625,2020-06-25,25,Thursday,26,6,June,2,Q2,2020,False,2020,2
20200626,2020-06-26,26,Friday,26,6,June,2,Q2,2020,False,2020,2
20200627,2020-06-27,27,Saturday,26,6,June,2,Q2,2020,True,2020,2
20200628,2020-06-28,28,Sunday,26,6,June,2,Q2,2020,True,2020,2
20200629,2020-06-29,29,Monday,27,6,June,2,Q2,2020,False,2020,2
20200630,2020-06-30,30,Tuesday,27,6,June,2,Q2,2020,False,2020,2
20200701,2020-07-01,1,Wednesday,27,7,July,3,Q3,2020,False,2020,3
20200702,2020-07-02,2,Thursday,27,7,July,3,Q3,2020,False,2020,3
20200703,2020-07-03,3,Friday,27,7,July,3,Q3,2020,False,2020,3
20200704,2020-07-04,4,Saturday,27,7,July,3,Q3,2020,True,2020,3
20200705,2020-07-05,5,Sunday,27,7,July,3,Q3,2020,True,2020,3
20200706,2020-07-06,6,Monday,28,7,July,3,Q3,2020,False,2020,3
20200707,2020-07-07,7,Tuesday,28,7,July,3,Q3,2020,False,2020,3
20200708,2020-07-08,8,Wednesday,28,7,July,3,Q3,2020,False,2020,3
20200709,2020-07-09,9,Thursday,28,7,July,3,Q3,2020,False,2020,3
20200710,2020-07-10,10,Friday,28,7,July,3,Q3,2020,False,2020,3
20200711,2020-07-11,11,Saturday,28,7,July,3,Q3,2020,True,2020,3
20200712,2020-07-12,12,Sunday,28,7,July,3,Q3,2020,True,2020,3
20200713,2020-07-13,13,Monday,29,7,July,3,Q3,2020,False,2020,3
20200714,2020-07-14,14,Tuesday,29,7,July,3,Q3,2020,False,2020,3
20200715,2020-07-15,15,Wednesday,29,7,July,3,Q3,2020,False,2020,3
20200716,2020-07-16,16,Thursday,29,7,July,3,Q3,2020,False,2020,3
20200717,2020-07-17,17,Friday,29,7,July,3,Q3,2020,False,2020,3
20200718,2020-07-18,18,Saturday,29,7,July,3,Q3,2020,True,2020,3
20200719,2020-07-19,19,Sunday,29,7,July,3,Q3,2020,True,2020,3
20200720,2020-07-20,20,Monday,30,7,July,3,Q3,2020,False,2020,3
20200721,2020-07-21,21,Tuesday,30,7,July,3,Q3,2020,False,2020,3
20200722,2020-07-22,22,Wednesday,30,7,July,3,Q3,2020,False,2020,3
20200723,2020-07-23,23,Thursday,30,7,July,3,Q3,2020,False,2020,3
20200724,2020-07-24,24,Friday,30,7,July,3,Q3,2020,False,2020,3
20200725,2020-07-25,25,Saturday,30,7,July,3,Q3,2020,True,2020,3
20200726,2020-07-26,26,Sunday,30,7,July,3,Q3,2020,True,2020,3
20200727,2020-07-27,27,Monday,31,7,July,3,Q3,2020,False,2020,3
20200728,2020-07-28,28,Tuesday,31,7,July,3,Q3,2020,False,2020,3
20200729,2020-07-29,29,Wednesday,31,7,July,3,Q3,2020,False,2020,3
20200730,2020-07-30,30,Thursday,31,7,July,3,Q3,2020,False,2020,3
20200731,2020-07-31,31,Friday,31,7,July,3,Q3,2020,False,2020,3
20200801,2020-08-01,1,Saturday,31,8,August,3,Q3,2020,True,2020,3
20200802,2020-08-02,2,Sunday,31,8,August,3,Q3,2020,True,2020,3
20200803,2020-08-03,3,Monday,32,8,August,3,Q3,2020,False,2020,3
20200804,2020-08-04,4,Tuesday,32,8,August,3,Q3,2020,False,2020,3
20200805,2020-08-05,5,Wednesday,32,8,August,3,Q3,2020,False,2020,3
20200806,2020-08-06,6,Thursday,32,8,August,3,Q3,2020,False,2020,3
20200807,2020-08-07,7,Friday,32,8,August,3,Q3,2020,False,2020,3
20200808,2020-08-08,8,Saturday,32,8,August,3,Q3,2020,True,2020,3
20200809,2020-08-09,9,Sunday,32,8,August,3,Q3,2020,True,2020,3
20200810,2020-08-10,10,Monday,33,8,August,3,Q3,2020,False,2020,3
20200811,2020-08-11,11,Tuesday,33,8,August,3,Q3,2020,False,2020,3
20200812,2020-08-12,12,Wednesday,33,8,August,3,Q3,2020,False,2020,3
20200813,2020-08-13,13,Thursday,33,8,August,3,Q3,2020,False,2020,3
20200814,2020-08-14,14,Friday,33,8,August,3,Q3,2020,False,2020,3
20200815,2020-08-15,15,Saturday,33,8,August,3,Q3,2020,True,2020,3
20200816,2020-08-16,16,Sunday,33,8,August,3,Q3,2020,True,2020,3
20200817,2020-08-17,17,Monday,34,8,August,3,Q3,2020,False,2020,3
20200818,2020-08-18,18,Tuesday,34,8,August,3,Q3,2020,False,2020,3
20200819,2020-08-19,19,Wednesday,34,8,August,3,Q3,2020,False,2020,3
20200820,2020-08-20,20,Thursday,34,8,August,3,Q3,2020,False,2020,3
20200821,2020-08-21,21,Friday,34,8,August,3,Q3,2020,False,2020,3
20200822,2020-08-22,22,Saturday,34,8,August,3,Q3,2020,True,2020,3
20200823,2020-08-23,23,Sunday,34,8,August,3,Q3,2020,True,2020,3
20200824,2020-08-24,24,Monday,35,8,August,3,Q3,2020,False,2020,3
20200825,2020-08-25,25,Tuesday,35,8,August,3,Q3,2020,False,2020,3
20200826,2020-08-26,26,Wednesday,35,8,August,3,Q3,2020,False,2020,3
20200827,2020-08-27,27,Thursday,35,8,August,3,Q3,2020,False,2020,3
20200828,2020-08-28,28,Friday,35,8,August,3,Q3,2020,False,2020,3
20200829,2020-08-29,29,Saturday,35,8,August,3,Q3,2020,True,2020,3
20200830,2020-08-30,30,Sunday,35,8,August,3,Q3,2020,True,2020,3
20200831,2020-08-31,31,Monday,36,8,August,3,Q3,2020,False,2020,3
20200901,2020-09-01,1,Tuesday,36,9,September,3,Q3,2020,False,2020,3
20200902,2020-09-02,2,Wednesday,36,9,September,3,Q3,2020,False,2020,3
20200903,2020-09-03,3,Thursday,36,9,September,3,Q3,2020,False,2020,3
20200904,2020-09-04,4,Friday,36,9,September,3,Q3,2020,False,2020,3
20200905,2020-09-05,5,Saturday,36,9,September,3,Q3,2020,True,2020,3
20200906,2020-09-06,6,Sunday,36,9,September,3,Q3,2020,True,2020,3
20200907,2020-09-07,7,Monday,37,9,September,3,Q3,2020,False,2020,3
20200908,2020-09-08,8,Tuesday,37,9,September,3,Q3,2020,False,2020,3
20200909,2020-09-09,9,Wednesday,37,9,September,3,Q3,2020,False,2020,3
20200910,2020-09-10,10,Thursday,37,9,September,3,Q3,2020,False,2020,3
20200911,2020-09-11,11,Friday,37,9,September,3,Q3,2020,False,2020,3
20200912,2020-09-12,12,Saturday,37,9,September,3,Q3,2020,True,2020,3
20200913,2020-09-13,13,Sunday,37,9,September,3,Q3,2020,True,2020,3
20200914,2020-09-14,14,Monday,38,9,September,3,Q3,2020,False,2020,3
20200915,2020-09-15,15,Tuesday,38,9,September,3,Q3,2020,False,2020,3
20200916,2020-09-16,16,Wednesday,38,9,September,3,Q3,2020,False,2020,3
20200917,2020-09-17,17,Thursday,38,9,September,3,Q3,2020,False,2020,3
20200918,2020-09-18,18,Friday,38,9,September,3,Q3,2020,False,2020,3
20200919,2020-09-19,19,Saturday,38,9,September,3,Q3,2020,True,2020,3
20200920,2020-09-20,20,Sunday,38,9,September,3,Q3,2020,True,2020,3
20200921,2020-09-21,21,Monday,39,9,September,3,Q3,2020,False,2020,3
20200922,2020-09-22,22,Tuesday,39,9,September,3,Q3,2020,False,2020,3
20200923,2020-09-23,23,Wednesday,39,9,September,3,Q3,2020,False,2020,3
20200924,2020-09-24,24,Thursday,39,9,September,3,Q3,2020,False,2020,3
20200925,2020-09-25,25,Friday,39,9,September,3,Q3,2020,False,2020,3
20200926,2020-09-26,26,Saturday,39,9,September,3,Q3,2020,True,2020,3
20200927,2020-09-27,27,Sunday,39,9,September,3,Q3,2020,True,2020,3
20200928,2020-09-28,28,Monday,40,9,September,3,Q3,2020,False,2020,3
20200929,2020-09-29,29,Tuesday,40,9,September,3,Q3,2020,False,2020,3
20200930,2020-09-30,30,Wednesday,40,9,September,3,Q3,2020,False,2020,3
20201001,2020-10-01,1,Thursday,40,10,October,4,Q4,2020,False,2021,4
20201002,2020-10-02,2,Friday,40,10,October,4,Q4,2020,False,2021,4
20201003,2020-10-03,3,Saturday,40,10,October,4,Q4,2020,True,2021,4
20201004,2020-10-04,4,Sunday,40,10,October,4,Q4,2020,True,2021,4
20201005,2020-10-05,5,Monday,41,10,October,4,Q4,2020,False,2021,4
20201006,2020-10-06,6,Tuesday,41,10,October,4,Q4,2020,False,2021,4
20201007,2020-10-07,7,Wednesday,41,10,October,4,Q4,2020,False,2021,4
20201008,2020-10-08,8,Thursday,41,10,October,4,Q4,2020,False,2021,4
20201009,2020-10-09,9,Friday,41,10,October,4,Q4,2020,False,2021,4
20201010,2020-10-10,10,Saturday,41,10,October,4,Q4,2020,True,2021,4
20201011,2020-10-11,11,Sunday,41,10,October,4,Q4,2020,True,2021,4
20201012,2020-10-12,12,Monday,42,10,October,4,Q4,2020,False,2021,4
20201013,2020-10-13,13,Tuesday,42,10,October,4,Q4,2020,False,2021,4
20201014,2020-10-14,14,Wednesday,42,10,October,4,Q4,2020,False,2021,4
20201015,2020-10-15,15,Thursday,42,10,October,4,Q4,2020,False,2021,4
20201016,2020-10-16,16,Friday,42,10,October,4,Q4,2020,False,2021,4
20201017,2020-10-17,17,Saturday,42,10,October,4,Q4,2020,True,2021,4
20201018,2020-10-18,18,Sunday,42,10,October,4,Q4,2020,True,2021,4
20201019,2020-10-19,19,Monday,43,10,October,4,Q4,2020,False,2021,4
20201020,2020-10-20,20,Tuesday,43,10,October,4,Q4,2020,False,2021,4
20201021,2020-10-21,21,Wednesday,43,10,October,4,Q4,2020,False,2021,4
20201022,2020-10-22,22,Thursday,43,10,October,4,Q4,2020,False,2021,4
20201023,2020-10-23,23,Friday,43,10,October,4,Q4,2020,False,2021,4
20201024,2020-10-24,24,Saturday,43,10,October,4,Q4,2020,True,2021,4
20201025,2020-10-25,25,Sunday,43,10,October,4,Q4,2020,True,2021,4
20201026,2020-10-26,26,Monday,44,10,October,4,Q4,2020,False,2021,4
20201027,2020-10-27,27,Tuesday,44,10,October,4,Q4,2020,False,2021,4
20201028,2020-10-28,28,Wednesday,44,10,October,4,Q4,2020,False,2021,4
20201029,2020-10-29,29,Thursday,44,10,October,4,Q4,2020,False,2021,4
20201030,2020-10-30,30,Friday,44,10,October,4,Q4,2020,False,2021,4
20201031,2020-10-31,31,Saturday,44,10,October,4,Q4,2020,True,2021,4
20201101,2020-11-01,1,Sunday,44,11,November,4,Q4,2020,True,2021,4
20201102,2020-11-02,2,Monday,45,11,November,4,Q4,2020,False,2021,4
20201103,2020-11-03,3,Tuesday,45,11,November,4,Q4,2020,False,2021,4
20201104,2020-11-04,4,Wednesday,45,11,November,4,Q4,2020,False,2021,4
20201105,2020-11-05,5,Thursday,45,11,November,4,Q4,2020,False,2021,4
20201106,2020-11-06,6,Friday,45,11,November,4,Q4,2020,False,2021,4
20201107,2020-11-07,7,Saturday,45,11,November,4,Q4,2020,True,2021,4
20201108,2020-11-08,8,Sunday,45,11,November,4,Q4,2020,True,2021,4
20201109,2020-11-09,9,Monday,46,11,November,4,Q4,2020,False,2021,4
20201110,2020-11-10,10,Tuesday,46,11,November,4,Q4,2020,False,2021,4
20201111,2020-11-11,11,Wednesday,46,11,November,4,Q4,2020,False,2021,4
20201112,2020-11-12,12,Thursday,46,11,November,4,Q4,2020,False,2021,4
20201113,2020-11-13,13,Friday,46,11,November,4,Q4,2020,False,2021,4
20201114,2020-11-14,14,Saturday,46,11,November,4,Q4,2020,True,2021,4
20201115,2020-11-15,15,Sunday,46,11,November,4,Q4,2020,True,2021,4
20201116,2020-11-16,16,Monday,47,11,November,4,Q4,2020,False,2021,4
20201117,2020-11-17,17,Tuesday,47,11,November,4,Q4,2020,False,2021,4
20201118,2020-11-18,18,Wednesday,47,11,November,4,Q4,2020,False,2021,4
20201119,2020-11-19,19,Thursday,47,11,November,4,Q4,2020,False,2021,4
20201120,2020-11-20,20,Friday,47,11,November,4,Q4,2020,False,2021,4
20201121,2020-11-21,21,Saturday,47,11,November,4,Q4,2020,True,2021,4
20201122,2020-11-22,22,Sunday,47,11,November,4,Q4,2020,True,2021,4
20201123,2020-11-23,23,Monday,48,11,November,4,Q4,2020,False,2021,4
20201124,2020-11-24,24,Tuesday,48,11,November,4,Q4,2020,False,2021,4
20201125,2020-11-25,25,Wednesday,48,11,November,4,Q4,2020,False,2021,4
20201126,2020-11-26,26,Thursday,48,11,November,4,Q4,2020,False,2021,4
20201127,2020-11-27,27,Friday,48,11,November,4,Q4,2020,False,2021,4
20201128,2020-11-28,28,Saturday,48,11,November,4,Q4,2020,True,2021,4
20201129,2020-11-29,29,Sunday,48,11,November,4,Q4,2020,True,2021,4
20201130,2020-11-30,30,Monday,49,11,November,4,Q4,2020,False,2021,4
20201201,2020-12-01,1,Tuesday,49,12,December,4,Q4,2020,False,2021,4
20201202,2020-12-02,2,Wednesday,49,12,December,4,Q4,2020,False,2021,4
20201203,2020-12-03,3,Thursday,49,12,December,4,Q4,2020,False,2021,4
20201204,2020-12-04,4,Friday,49,12,December,4,Q4,2020,False,2021,4
20201205,2020-12-05,5,Saturday,49,12,December,4,Q4,2020,True,2021,4
20201206,2020-12-06,6,Sunday,49,12,December,4,Q4,2020,True,2021,4
20201207,2020-12-07,7,Monday,50,12,December,4,Q4,2020,False,2021,4
20201208,2020-12-08,8,Tuesday,50,12,December,4,Q4,2020,False,2021,4
20201209,2020-12-09,9,Wednesday,50,12,December,4,Q4,2020,False,2021,4
20201210,2020-12-10,10,Thursday,50,12,December,4,Q4,2020,False,2021,4
20201211,2020-12-11,11,Friday,50,12,December,4,Q4,2020,False,2021,4
20201212,2020-12-12,12,Saturday,50,12,December,4,Q4,2020,True,2021,4
20201213,2020-12-13,13,Sunday,50,12,December,4,Q4,2020,True,2021,4
20201214,2020-12-14,14,Monday,51,12,December,4,Q4,2020,False,2021,4
20201215,2020-12-15,15,Tuesday,51,12,December,4,Q4,2020,False,2021,4
20201216,2020-12-16,16,Wednesday,51,12,December,4,Q4,2020,False,2021,4
20201217,2020-12-17,17,Thursday,51,12,December,4,Q4,2020,False,2021,4
20201218,2020-12-18,18,Friday,51,12,December,4,Q4,2020,False,2021,4
20201219,2020-12-19,19,Saturday,51,12,December,4,Q4,2020,True,2021,4
20201220,2020-12-20,20,Sunday,51,12,December,4,Q4,2020,True,2021,4
20201221,2020-12-21,21,Monday,52,12,December,4,Q4,2020,False,2021,4
20201222,2020-12-22,22,Tuesday,52,12,December,4,Q4,2020,False,2021,4
20201223,2020-12-23,23,Wednesday,52,12,December,4,Q4,2020,False,2021,4
20201224,2020-12-24,24,Thursday,52,12,December,4,Q4,2020,False,2021,4
20201225,2020-12-25,25,Friday,52,12,December,4,Q4,2020,False,2021,4
20201226,2020-12-26,26,Saturday,52,12,December,4,Q4,2020,True,2021,4
20201227,2020-12-27,27,Sunday,52,12,December,4,Q4,2020,True,2021,4
20201228,2020-12-28,28,Monday,53,12,December,4,Q4,2020,False,2021,4
20201229,2020-12-29,29,Tuesday,53,12,December,4,Q4,2020,False,2021,4
20201230,2020-12-30,30,Wednesday,53,12,December,4,Q4,2020,False,2021,4
20201231,2020-12-31,31,Thursday,53,12,December,4,Q4,2020,False,2021,4
20210101,2021-01-01,1,Friday,53,1,January,1,Q1,2021,False,2021,1
20210102,2021-01-02,2,Saturday,53,1,January,1,Q1,2021,True,2021,1
20210103,2021-01-03,3,Sunday,53,1,January,1,Q1,2021,True,2021,1
20210104,2021-01-04,4,Monday,1,1,January,1,Q1,2021,False,2021,1
20210105,2021-01-05,5,Tuesday,1,1,January,1,Q1,2021,False,2021,1
20210106,2021-01-06,6,Wednesday,1,1,January,1,Q1,2021,False,2021,1
20210107,2021-01-07,7,Thursday,1,1,January,1,Q1,2021,False,2021,1
20210108,2021-01-08,8,Friday,1,1,January,1,Q1,2021,False,2021,1
20210109,2021-01-09,9,Saturday,1,1,January,1,Q1,2021,True,2021,1
20210110,2021-01-10,10,Sunday,1,1,January,1,Q1,2021,True,2021,1
20210111,2021-01-11,11,Monday,2,1,January,1,Q1,2021,False,2021,1
20210112,2021-01-12,12,Tuesday,2,1,January,1,Q1,2021,False,2021,1
20210113,2021-01-13,13,Wednesday,2,1,January,1,Q1,2021,False,2021,1
20210114,2021-01-14,14,Thursday,2,1,January,1,Q1,2021,False,2021,1
20210115,2021-01-15,15,Friday,2,1,January,1,Q1,2021,False,2021,1
20210116,2021-01-16,16,Saturday,2,1,January,1,Q1,2021,True,2021,1
20210117,2021-01-17,17,Sunday,2,1,January,1,Q1,2021,True,2021,1
20210118,2021-01-18,18,Monday,3,1,January,1,Q1,2021,False,2021,1
20210119,2021-01-19,19,Tuesday,3,1,January,1,Q1,2021,False,2021,1
20210120,2021-01-20,20,Wednesday,3,1,January,1,Q1,2021,False,2021,1
20210121,2021-01-21,21,Thursday,3,1,January,1,Q1,2021,False,2021,1
20210122,2021-01-22,22,Friday,3,1,January,1,Q1,2021,False,2021,1
20210123,2021-01-23,23,Saturday,3,1,January,1,Q1,2021,True,2021,1
20210124,2021-01-24,24,Sunday,3,1,January,1,Q1,2021,True,2021,1
20210125,2021-01-25,25,Monday,4,1,January,1,Q1,2021,False,2021,1
20210126,2021-01-26,26,Tuesday,4,1,January,1,Q1,2021,False,2021,1
20210127,2021-01-27,27,Wednesday,4,1,January,1,Q1,2021,False,2021,1
20210128,2021-01-28,28,Thursday,4,1,January,1,Q1,2021,False,2021,1
20210129,2021-01-29,29,Friday,4,1,January,1,Q1,2021,False,2021,1
20210130,2021-01-30,30,Saturday,4,1,January,1,Q1,2021,True,2021,1
20210131,2021-01-31,31,Sunday,4,1,January,1,Q1,2021,True,2021,1
20210201,2021-02-01,1,Monday,5,2,February,1,Q1,2021,False,2021,1
20210202,2021-02-02,2,Tuesday,5,2,February,1,Q1,2021,False,2021,1
20210203,2021-02-03,3,Wednesday,5,2,February,1,Q1,2021,False,2021,1
20210204,2021-02-04,4,Thursday,5,2,February,1,Q1,2021,False,2021,1
20210205,2021-02-05,5,Friday,5,2,February,1,Q1,2021,False,2021,1
20210206,2021-02-06,6,Saturday,5,2,February,1,Q1,2021,True,2021,1
20210207,2021-02-07,7,Sunday,5,2,February,1,Q1,2021,True,2021,1
20210208,2021-02-08,8,Monday,6,2,February,1,Q1,2021,False,2021,1
20210209,2021-02-09,9,Tuesday,6,2,February,1,Q1,2021,False,2021,1
20210210,2021-02-10,10,Wednesday,6,2,February,1,Q1,2021,False,2021,1
20210211,2021-02-11,11,Thursday,6,2,February,1,Q1,2021,False,2021,1
20210212,2021-02-12,12,Friday,6,2,February,1,Q1,2021,False,2021,1
20210213,2021-02-13,13,Saturday,6,2,February,1,Q1,2021,True,2021,1
20210214,2021-02-14,14,Sunday,6,2,February,1,Q1,2021,True,2021,1
20210215,2021-02-15,15,Monday,7,2,February,1,Q1,2021,False,2021,1
20210216,2021-02-16,16,Tuesday,7,2,February,1,Q1,2021,False,2021,1
20210217,2021-02-17,17,Wednesday,7,2,February,1,Q1,2021,False,2021,1
20210218,2021-02-18,18,Thursday,7,2,February,1,Q1,2021,False,2021,1
20210219,2021-02-19,19,Friday,7,2,February,1,Q1,2021,False,2021,1
20210220,2021-02-20,20,Saturday,7,2,February,1,Q1,2021,True,2021,1
20210221,2021-02-21,21,Sunday,7,2,February,1,Q1,2021,True,2021,1
20210222,2021-02-22,22,Monday,8,2,February,1,Q1,2021,False,2021,1
20210223,2021-02-23,23,Tuesday,8,2,February,1,Q1,2021,False,2021,1
20210224,2021-02-24,24,Wednesday,8,2,February,1,Q1,2021,False,2021,1
20210225,2021-02-25,25,Thursday,8,2,February,1,Q1,2021,False,2021,1
20210226,2021-02-26,26,Friday,8,2,February,1,Q1,2021,False,2021,1
20210227,2021-02-27,27,Saturday,8,2,February,1,Q1,2021,True,2021,1
20210228,2021-02-28,28,Sunday,8,2,February,1,Q1,2021,True,2021,1
20210301,2021-03-01,1,Monday,9,3,March,1,Q1,2021,False,2021,1
20210302,2021-03-02,2,Tuesday,9,3,March,1,Q1,2021,False,2021,1
20210303,2021-03-03,3,Wednesday,9,3,March,1,Q1,2021,False,2021,1
20210304,2021-03-04,4,Thursday,9,3,March,1,Q1,2021,False,2021,1
20210305,2021-03-05,5,Friday,9,3,March,1,Q1,2021,False,2021,1
20210306,2021-03-06,6,Saturday,9,3,March,1,Q1,2021,True,2021,1
20210307,2021-03-07,7,Sunday,9,3,March,1,Q1,2021,True,2021,1
20210308,2021-03-08,8,Monday,10,3,March,1,Q1,2021,False,2021,1
20210309,2021-03-09,9,Tuesday,10,3,March,1,Q1,2021,False,2021,1
20210310,2021-03-10,10,Wednesday,10,3,March,1,Q1,2021,False,2021,1
20210311,2021-03-11,11,Thursday,10,3,March,1,Q1,2021,False,2021,1
20210312,2021-03-12,12,Friday,10,3,March,1,Q1,2021,False,2021,1
20210313,2021-03-13,13,Saturday,10,3,March,1,Q1,2021,True,2021,1
20210314,2021-03-14,14,Sunday,10,3,March,1,Q1,2021,True,2021,1
20210315,2021-03-15,15,Monday,11,3,March,1,Q1,2021,False,2021,1
20210316,2021-03-16,16,Tuesday,11,3,March,1,Q1,2021,False,2021,1
20210317,2021-03-17,17,Wednesday,11,3,March,1,Q1,2021,False,2021,1
20210318,2021-03-18,18,Thursday,11,3,March,1,Q1,2021,False,2021,1
20210319,2021-03-19,19,Friday,11,3,March,1,Q1,2021,False,2021,1
20210320,2021-03-20,20,Saturday,11,3,March,1,Q1,2021,True,2021,1
20210321,2021-03-21,21,Sunday,11,3,March,1,Q1,2021,True,2021,1
20210322,2021-03-22,22,Monday,12,3,March,1,Q1,2021,False,2021,1
20210323,2021-03-23,23,Tuesday,12,3,March,1,Q1,2021,False,2021,1
20210324,2021-03-24,24,Wednesday,12,3,March,1,Q1,2021,False,2021,1
20210325,2021-03-25,25,Thursday,12,3,March,1,Q1,2021,False,2021,1
20210326,2021-03-26,26,Friday,12,3,March,1,Q1,2021,False,2021,1
20210327,2021-03-27,27,Saturday,12,3,March,1,Q1,2021,True,2021,1
20210328,2021-03-28,28,Sunday,12,3,March,1,Q1,2021,True,2021,1
20210329,2021-03-29,29,Monday,13,3,March,1,Q1,2021,False,2021,1
20210330,2021-03-30,30,Tuesday,13,3,March,1,Q1,2021,False,2021,1
20210331,2021-03-31,31,Wednesday,13,3,March,1,Q1,2021,False,2021,1
20210401,2021-04-01,1,Thursday,13,4,April,2,Q2,2021,False,2021,2
20210402,2021-04-02,2,Friday,13,4,April,2,Q2,2021,False,2021,2
20210403,2021-04-03,3,Saturday,13,4,April,2,Q2,2021,True,2021,2
20210404,2021-04-04,4,Sunday,13,4,April,2,Q2,2021,True,2021,2
20210405,2021-04-05,5,Monday,14,4,April,2,Q2,2021,False,2021,2
20210406,2021-04-06,6,Tuesday,14,4,April,2,Q2,2021,False,2021,2
20210407,2021-04-07,7,Wednesday,14,4,April,2,Q2,2021,False,2021,2
20210408,2021-04-08,8,Thursday,14,4,April,2,Q2,2021,False,2021,2
20210409,2021-04-09,9,Friday,14,4,April,2,Q2,2021,False,2021,2
20210410,2021-04-10,10,Saturday,14,4,April,2,Q2,2021,True,2021,2
20210411,2021-04-11,11,Sunday,14,4,April,2,Q2,2021,True,2021,2
20210412,2021-04-12,12,Monday,15,4,April,2,Q2,2021,False,2021,2
20210413,2021-04-13,13,Tuesday,15,4,April,2,Q2,2021,False,2021,2
20210414,2021-04-14,14,Wednesday,15,4,April,2,Q2,2021,False,2021,2
20210415,2021-04-15,15,Thursday,15,4,April,2,Q2,2021,False,2021,2
20210416,2021-04-16,16,Friday,15,4,April,2,Q2,2021,False,2021,2
20210417,2021-04-17,17,Saturday,15,4,April,2,Q2,2021,True,2021,2
20210418,2021-04-18,18,Sunday,15,4,April,2,Q2,2021,True,2021,2
20210419,2021-04-19,19,Monday,16,4,April,2,Q2,2021,False,2021,2
20210420,2021-04-20,20,Tuesday,16,4,April,2,Q2,2021,False,2021,2
20210421,2021-04-21,21,Wednesday,16,4,April,2,Q2,2021,False,2021,2
20210422,2021-04-22,22,Thursday,16,4,April,2,Q2,2021,False,2021,2
20210423,2021-04-23,23,Friday,16,4,April,2,Q2,2021,False,2021,2
20210424,2021-04-24,24,Saturday,16,4,April,2,Q2,2021,True,2021,2
20210425,2021-04-25,25,Sunday,16,4,April,2,Q2,2021,True,2021,2
20210426,2021-04-26,26,Monday,17,4,April,2,Q2,2021,False,2021,2
20210427,2021-04-27,27,Tuesday,17,4,April,2,Q2,2021,False,2021,2
20210428,2021-04-28,28,Wednesday,17,4,April,2,Q2,2021,False,2021,2
20210429,2021-04-29,29,Thursday,17,4,April,2,Q2,2021,False,2021,2
20210430,2021-04-30,30,Friday,17,4,April,2,Q2,2021,False,2021,2
20210501,2021-05-01,1,Saturday,17,5,May,2,Q2,2021,True,2021,2
20210502,2021-05-02,2,Sunday,17,5,May,2,Q2,2021,True,2021,2
20210503,2021-05-03,3,Monday,18,5,May,2,Q2,2021,False,2021,2
20210504,2021-05-04,4,Tuesday,18,5,May,2,Q2,2021,False,2021,2
20210505,2021-05-05,5,Wednesday,18,5,May,2,Q2,2021,False,2021,2
20210506,2021-05-06,6,Thursday,18,5,May,2,Q2,2021,False,2021,2
20210507,2021-05-07,7,Friday,18,5,May,2,Q2,2021,False,2021,2
20210508,2021-05-08,8,Saturday,18,5,May,2,Q2,2021,True,2021,2
20210509,2021-05-09,9,Sunday,18,5,May,2,Q2,2021,True,2021,2
20210510,2021-05-10,10,Monday,19,5,May,2,Q2,2021,False,2021,2
20210511,2021-05-11,11,Tuesday,19,5,May,2,Q2,2021,False,2021,2
20210512,2021-05-12,12,Wednesday,19,5,May,2,Q2,2021,False,2021,2
20210513,2021-05-13,13,Thursday,19,5,May,2,Q2,2021,False,2021,2
20210514,2021-05-14,14,Friday,19,5,May,2,Q2,2021,False,2021,2
20210515,2021-05-15,15,Saturday,19,5,May,2,Q2,2021,True,2021,2
20210516,2021-05-16,16,Sunday,19,5,May,2,Q2,2021,True,2021,2
20210517,2021-05-17,17,Monday,20,5,May,2,Q2,2021,False,2021,2
20210518,2021-05-18,18,Tuesday,20,5,May,2,Q2,2021,False,2021,2
20210519,2021-05-19,19,Wednesday,20,5,May,2,Q2,2021,False,2021,2
20210520,2021-05-20,20,Thursday,20,5,May,2,Q2,2021,False,2021,2
20210521,2021-05-21,21,Friday,20,5,May,2,Q2,2021,False,2021,2
20210522,2021-05-22,22,Saturday,20,5,May,2,Q2,2021,True,2021,2
20210523,2021-05-23,23,Sunday,20,5,May,2,Q2,2021,True,2021,2
20210524,2021-05-24,24,Monday,21,5,May,2,Q2,2021,False,2021,2
20210525,2021-05-25,25,Tuesday,21,5,May,2,Q2,2021,False,2021,2
20210526,2021-05-26,26,Wednesday,21,5,May,2,Q2,2021,False,2021,2
20210527,2021-05-27,27,Thursday,21,5,May,2,Q2,2021,False,2021,2
20210528,2021-05-28,28,Friday,21,5,May,2,Q2,2021,False,2021,2
20210529,2021-05-29,29,Saturday,21,5,May,2,Q2,2021,True,2021,2
20210530,2021-05-30,30,Sunday,21,5,May,2,Q2,2021,True,2021,2
20210531,2021-05-31,31,Monday,22,5,May,2,Q2,2021,False,2021,2
20210601,2021-06-01,1,Tuesday,22,6,June,2,Q2,2021,False,2021,2
20210602,2021-06-02,2,Wednesday,22,6,June,2,Q2,2021,False,2021,2
20210603,2021-06-03,3,Thursday,22,6,June,2,Q2,2021,False,2021,2
20210604,2021-06-04,4,Friday,22,6,June,2,Q2,2021,False,2021,2
20210605,2021-06-05,5,Saturday,22,6,June,2,Q2,2021,True,2021,2
20210606,2021-06-06,6,Sunday,22,6,June,2,Q2,2021,True,2021,2
20210607,2021-06-07,7,Monday,23,6,June,2,Q2,2021,False,2021,2
20210608,2021-06-08,8,Tuesday,23,6,June,2,Q2,2021,False,2021,2
20210609,2021-06-09,9,Wednesday,23,6,June,2,Q2,2021,False,2021,2
20210610,2021-06-10,10,Thursday,23,6,June,2,Q2,2021,False,2021,2
20210611,2021-06-11,11,Friday,23,6,June,2,Q2,2021,False,2021,2
20210612,2021-06-12,12,Saturday,23,6,June,2,Q2,2021,True,2021,2
20210613,2021-06-13,13,Sunday,23,6,June,2,Q2,2021,True,2021,2
20210614,2021-06-14,14,Monday,24,6,June,2,Q2,2021,False,2021,2
20210615,2021-06-15,15,Tuesday,24,6,June,2,Q2,2021,False,2021,2
20210616,2021-06-16,16,Wednesday,24,6,June,2,Q2,2021,False,2021,2
20210617,2021-06-17,17,Thursday,24,6,June,2,Q2,2021,False,2021,2
20210618,2021-06-18,18,Friday,24,6,June,2,Q2,2021,False,2021,2
20210619,2021-06-19,19,Saturday,24,6,June,2,Q2,2021,True,2021,2
20210620,2021-06-20,20,Sunday,24,6,June,2,Q2,2021,True,2021,2
20210621,2021-06-21,21,Monday,25,6,June,2,Q2,2021,False,2021,2
20210622,2021-06-22,22,Tuesday,25,6,June,2,Q2,2021,False,2021,2
20210623,2021-06-23,23,Wednesday,25,6,June,2,Q2,2021,False,2021,2
20210624,2021-06-24,24,Thursday,25,6,June,2,Q2,2021,False,2021,2
20210625,2021-06-25,25,Friday,25,6,June,2,Q2,2021,False,2021,2
20210626,2021-06-26,26,Saturday,25,6,June,2,Q2,2021,True,2021,2
20210627,2021-06-27,27,Sunday,25,6,June,2,Q2,2021,True,2021,2
20210628,2021-06-28,28,Monday,26,6,June,2,Q2,2021,False,2021,2
20210629,2021-06-29,29,Tuesday,26,6,June,2,Q2,2021,False,2021,2
20210630,2021-06-30,30,Wednesday,26,6,June,2,Q2,2021,False,2021,2
20210701,2021-07-01,1,Thursday,26,7,July,3,Q3,2021,False,2021,3
20210702,2021-07-02,2,Friday,26,7,July,3,Q3,2021,False,2021,3
20210703,2021-07-03,3,Saturday,26,7,July,3,Q3,2021,True,2021,3
20210704,2021-07-04,4,Sunday,26,7,July,3,Q3,2021,True,2021,3
20210705,2021-07-05,5,Monday,27,7,July,3,Q3,2021,False,2021,3
20210706,2021-07-06,6,Tuesday,27,7,July,3,Q3,2021,False,2021,3
20210707,2021-07-07,7,Wednesday,27,7,July,3,Q3,2021,False,2021,3
20210708,2021-07-08,8,Thursday,27,7,July,3,Q3,2021,False,2021,3
20210709,2021-07-09,9,Friday,27,7,July,3,Q3,2021,False,2021,3
20210710,2021-07-10,10,Saturday,27,7,July,3,Q3,2021,True,2021,3
20210711,2021-07-11,11,Sunday,27,7,July,3,Q3,2021,True,2021,3
20210712,2021-07-12,12,Monday,28,7,July,3,Q3,2021,False,2021,3
20210713,2021-07-13,13,Tuesday,28,7,July,3,Q3,2021,False,2021,3
20210714,2021-07-14,14,Wednesday,28,7,July,3,Q3,2021,False,2021,3
20210715,2021-07-15,15,Thursday,28,7,July,3,Q3,2021,False,2021,3
20210716,2021-07-16,16,Friday,28,7,July,3,Q3,2021,False,2021,3
20210717,2021-07-17,17,Saturday,28,7,July,3,Q3,2021,True,2021,3
20210718,2021-07-18,18,Sunday,28,7,July,3,Q3,2021,True,2021,3
20210719,2021-07-19,19,Monday,29,7,July,3,Q3,2021,False,2021,3
20210720,2021-07-20,20,Tuesday,29,7,July,3,Q3,2021,False,2021,3
20210721,2021-07-21,21,Wednesday,29,7,July,3,Q3,2021,False,2021,3
20210722,2021-07-22,22,Thursday,29,7,July,3,Q3,2021,False,2021,3
20210723,2021-07-23,23,Friday,29,7,July,3,Q3,2021,False,2021,3
20210724,2021-07-24,24,Saturday,29,7,July,3,Q3,2021,True,2021,3
20210725,2021-07-25,25,Sunday,29,7,July,3,Q3,2021,True,2021,3
20210726,2021-07-26,26,Monday,30,7,July,3,Q3,2021,False,2021,3
20210727,2021-07-27,27,Tuesday,30,7,July,3,Q3,2021,False,2021,3
20210728,2021-07-28,28,Wednesday,30,7,July,3,Q3,2021,False,2021,3
20210729,2021-07-29,29,Thursday,30,7,July,3,Q3,2021,False,2021,3
20210730,2021-07-30,30,Friday,30,7,July,3,Q3,2021,False,2021,3
20210731,2021-07-31,31,Saturday,30,7,July,3,Q3,2021,True,2021,3
20210801,2021-08-01,1,Sunday,30,8,August,3,Q3,2021,True,2021,3
20210802,2021-08-02,2,Monday,31,8,August,3,Q3,2021,False,2021,3
20210803,2021-08-03,3,Tuesday,31,8,August,3,Q3,2021,False,2021,3
20210804,2021-08-04,4,Wednesday,31,8,August,3,Q3,2021,False,2021,3
20210805,2021-08-05,5,Thursday,31,8,August,3,Q3,2021,False,2021,3
20210806,2021-08-06,6,Friday,31,8,August,3,Q3,2021,False,2021,3
20210807,2021-08-07,7,Saturday,31,8,August,3,Q3,2021,True,2021,3
20210808,2021-08-08,8,Sunday,31,8,August,3,Q3,2021,True,2021,3
20210809,2021-08-09,9,Monday,32,8,August,3,Q3,2021,False,2021,3
20210810,2021-08-10,10,Tuesday,32,8,August,3,Q3,2021,False,2021,3
20210811,2021-08-11,11,Wednesday,32,8,August,3,Q3,2021,False,2021,3
20210812,2021-08-12,12,Thursday,32,8,August,3,Q3,2021,False,2021,3
20210813,2021-08-13,13,Friday,32,8,August,3,Q3,2021,False,2021,3
20210814,2021-08-14,14,Saturday,32,8,August,3,Q3,2021,True,2021,3
20210815,2021-08-15,15,Sunday,32,8,August,3,Q3,2021,True,2021,3
20210816,2021-08-16,16,Monday,33,8,August,3,Q3,2021,False,2021,3
20210817,2021-08-17,17,Tuesday,33,8,August,3,Q3,2021,False,2021,3
20210818,2021-08-18,18,Wednesday,33,8,August,3,Q3,2021,False,2021,3
20210819,2021-08-19,19,Thursday,33,8,August,3,Q3,2021,False,2021,3
20210820,2021-08-20,20,Friday,33,8,August,3,Q3,2021,False,2021,3
20210821,2021-08-21,21,Saturday,33,8,August,3,Q3,2021,True,2021,3
20210822,2021-08-22,22,Sunday,33,8,August,3,Q3,2021,True,2021,3
20210823,2021-08-23,23,Monday,34,8,August,3,Q3,2021,False,2021,3
20210824,2021-08-24,24,Tuesday,34,8,August,3,Q3,2021,False,2021,3
20210825,2021-08-25,25,Wednesday,34,8,August,3,Q3,2021,False,2021,3
20210826,2021-08-26,26,Thursday,34,8,August,3,Q3,2021,False,2021,3
20210827,2021-08-27,27,Friday,34,8,August,3,Q3,2021,False,2021,3
20210828,2021-08-28,28,Saturday,34,8,August,3,Q3,2021,True,2021,3
20210829,2021-08-29,29,Sunday,34,8,August,3,Q3,2021,True,2021,3
20210830,2021-08-30,30,Monday,35,8,August,3,Q3,2021,False,2021,3
20210831,2021-08-31,31,Tuesday,35,8,August,3,Q3,2021,False,2021,3
20210901,2021-09-01,1,Wednesday,35,9,September,3,Q3,2021,False,2021,3
20210902,2021-09-02,2,Thursday,35,9,September,3,Q3,2021,False,2021,3
20210903,2021-09-03,3,Friday,35,9,September,3,Q3,2021,False,2021,3
20210904,2021-09-04,4,Saturday,35,9,September,3,Q3,2021,True,2021,3
20210905,2021-09-05,5,Sunday,35,9,September,3,Q3,2021,True,2021,3
20210906,2021-09-06,6,Monday,36,9,September,3,Q3,2021,False,2021,3
20210907,2021-09-07,7,Tuesday,36,9,September,3,Q3,2021,False,2021,3
20210908,2021-09-08,8,Wednesday,36,9,September,3,Q3,2021,False,2021,3
20210909,2021-09-09,9,Thursday,36,9,September,3,Q3,2021,False,2021,3
20210910,2021-09-10,10,Friday,36,9,September,3,Q3,2021,False,2021,3
20210911,2021-09-11,11,Saturday,36,9,September,3,Q3,2021,True,2021,3
20210912,2021-09-12,12,Sunday,36,9,September,3,Q3,2021,True,2021,3
20210913,2021-09-13,13,Monday,37,9,September,3,Q3,2021,False,2021,3
20210914,2021-09-14,14,Tuesday,37,9,September,3,Q3,2021,False,2021,3
20210915,2021-09-15,15,Wednesday,37,9,September,3,Q3,2021,False,2021,3
20210916,2021-09-16,16,Thursday,37,9,September,3,Q3,2021,False,2021,3
20210917,2021-09-17,17,Friday,37,9,September,3,Q3,2021,False,2021,3
20210918,2021-09-18,18,Saturday,37,9,September,3,Q3,2021,True,2021,3
20210919,2021-09-19,19,Sunday,37,9,September,3,Q3,2021,True,2021,3
20210920,2021-09-20,20,Monday,38,9,September,3,Q3,2021,False,2021,3
20210921,2021-09-21,21,Tuesday,38,9,September,3,Q3,2021,False,2021,3
20210922,2021-09-22,22,Wednesday,38,9,September,3,Q3,2021,False,2021,3
20210923,2021-09-23,23,Thursday,38,9,September,3,Q3,2021,False,2021,3
20210924,2021-09-24,24,Friday,38,9,September,3,Q3,2021,False,2021,3
20210925,2021-09-25,25,Saturday,38,9,September,3,Q3,2021,True,2021,3
20210926,2021-09-26,26,Sunday,38,9,September,3,Q3,2021,True,2021,3
20210927,2021-09-27,27,Monday,39,9,September,3,Q3,2021,False,2021,3
20210928,2021-09-28,28,Tuesday,39,9,September,3,Q3,2021,False,2021,3
20210929,2021-09-29,29,Wednesday,39,9,September,3,Q3,2021,False,2021,3
20210930,2021-09-30,30,Thursday,39,9,September,3,Q3,2021,False,2021,3
20211001,2021-10-01,1,Friday,39,10,October,4,Q4,2021,False,2022,4
20211002,2021-10-02,2,Saturday,39,10,October,4,Q4,2021,True,2022,4
20211003,2021-10-03,3,Sunday,39,10,October,4,Q4,2021,True,2022,4
20211004,2021-10-04,4,Monday,40,10,October,4,Q4,2021,False,2022,4
20211005,2021-10-05,5,Tuesday,40,10,October,4,Q4,2021,False,2022,4
20211006,2021-10-06,6,Wednesday,40,10,October,4,Q4,2021,False,2022,4
20211007,2021-10-07,7,Thursday,40,10,October,4,Q4,2021,False,2022,4
20211008,2021-10-08,8,Friday,40,10,October,4,Q4,2021,False,2022,4
20211009,2021-10-09,9,Saturday,40,10,October,4,Q4,2021,True,2022,4
20211010,2021-10-10,10,Sunday,40,10,October,4,Q4,2021,True,2022,4
20211011,2021-10-11,11,Monday,41,10,October,4,Q4,2021,False,2022,4
20211012,2021-10-12,12,Tuesday,41,10,October,4,Q4,2021,False,2022,4
20211013,2021-10-13,13,Wednesday,41,10,October,4,Q4,2021,False,2022,4
20211014,2021-10-14,14,Thursday,41,10,October,4,Q4,2021,False,2022,4
20211015,2021-10-15,15,Friday,41,10,October,4,Q4,2021,False,2022,4
20211016,2021-10-16,16,Saturday,41,10,October,4,Q4,2021,True,2022,4
20211017,2021-10-17,17,Sunday,41,10,October,4,Q4,2021,True,2022,4
20211018,2021-10-18,18,Monday,42,10,October,4,Q4,2021,False,2022,4
20211019,2021-10-19,19,Tuesday,42,10,October,4,Q4,2021,False,2022,4
20211020,2021-10-20,20,Wednesday,42,10,October,4,Q4,2021,False,2022,4
20211021,2021-10-21,21,Thursday,42,10,October,4,Q4,2021,False,2022,4
20211022,2021-10-22,22,Friday,42,10,October,4,Q4,2021,False,2022,4
20211023,2021-10-23,23,Saturday,42,10,October,4,Q4,2021,True,2022,4
20211024,2021-10-24,24,Sunday,42,10,October,4,Q4,2021,True,2022,4
20211025,2021-10-25,25,Monday,43,10,October,4,Q4,2021,False,2022,4
20211026,2021-10-26,26,Tuesday,43,10,October,4,Q4,2021,False,2022,4
20211027,2021-10-27,27,Wednesday,43,10,October,4,Q4,2021,False,2022,4
20211028,2021-10-28,28,Thursday,43,10,October,4,Q4,2021,False,2022,4
20211029,2021-10-29,29,Friday,43,10,October,4,Q4,2021,False,2022,4
20211030,2021-10-30,30,Saturday,43,10,October,4,Q4,2021,True,2022,4
20211031,2021-10-31,31,Sunday,43,10,October,4,Q4,2021,True,2022,4
20211101,2021-11-01,1,Monday,44,11,November,4,Q4,2021,False,2022,4
20211102,2021-11-02,2,Tuesday,44,11,November,4,Q4,2021,False,2022,4
20211103,2021-11-03,3,Wednesday,44,11,November,4,Q4,2021,False,2022,4
20211104,2021-11-04,4,Thursday,44,11,November,4,Q4,2021,False,2022,4
20211105,2021-11-05,5,Friday,44,11,November,4,Q4,2021,False,2022,4
20211106,2021-11-06,6,Saturday,44,11,November,4,Q4,2021,True,2022,4
20211107,2021-11-07,7,Sunday,44,11,November,4,Q4,2021,True,2022,4
20211108,2021-11-08,8,Monday,45,11,November,4,Q4,2021,False,2022,4
20211109,2021-11-09,9,Tuesday,45,11,November,4,Q4,2021,False,2022,4
20211110,2021-11-10,10,Wednesday,45,11,November,4,Q4,2021,False,2022,4
20211111,2021-11-11,11,Thursday,45,11,November,4,Q4,2021,False,2022,4
20211112,2021-11-12,12,Friday,45,11,November,4,Q4,2021,False,2022,4
20211113,2021-11-13,13,Saturday,45,11,November,4,Q4,2021,True,2022,4
20211114,2021-11-14,14,Sunday,45,11,November,4,Q4,2021,True,2022,4
20211115,2021-11-15,15,Monday,46,11,November,4,Q4,2021,False,2022,4
20211116,2021-11-16,16,Tuesday,46,11,November,4,Q4,2021,False,2022,4
20211117,2021-11-17,17,Wednesday,46,11,November,4,Q4,2021,False,2022,4
20211118,2021-11-18,18,Thursday,46,11,November,4,Q4,2021,False,2022,4
20211119,2021-11-19,19,Friday,46,11,November,4,Q4,2021,False,2022,4
20211120,2021-11-20,20,Saturday,46,11,November,4,Q4,2021,True,2022,4
20211121,2021-11-21,21,Sunday,46,11,November,4,Q4,2021,True,2022,4
20211122,2021-11-22,22,Monday,47,11,November,4,Q4,2021,False,2022,4
20211123,2021-11-23,23,Tuesday,47,11,November,4,Q4,2021,False,2022,4
20211124,2021-11-24,24,Wednesday,47,11,November,4,Q4,2021,False,2022,4
20211125,2021-11-25,25,Thursday,47,11,November,4,Q4,2021,False,2022,4
20211126,2021-11-26,26,Friday,47,11,November,4,Q4,2021,False,2022,4
20211127,2021-11-27,27,Saturday,47,11,November,4,Q4,2021,True,2022,4
20211128,2021-11-28,28,Sunday,47,11,November,4,Q4,2021,True,2022,4
20211129,2021-11-29,29,Monday,48,11,November,4,Q4,2021,False,2022,4
20211130,2021-11-30,30,Tuesday,48,11,November,4,Q4,2021,False,2022,4
20211201,2021-12-01,1,Wednesday,48,12,December,4,Q4,2021,False,2022,4
20211202,2021-12-02,2,Thursday,48,12,December,4,Q4,2021,False,2022,4
20211203,2021-12-03,3,Friday,48,12,December,4,Q4,2021,False,2022,4
20211204,2021-12-04,4,Saturday,48,12,December,4,Q4,2021,True,2022,4
20211205,2021-12-05,5,Sunday,48,12,December,4,Q4,2021,True,2022,4
20211206,2021-12-06,6,Monday,49,12,December,4,Q4,2021,False,2022,4
20211207,2021-12-07,7,Tuesday,49,12,December,4,Q4,2021,False,2022,4
20211208,2021-12-08,8,Wednesday,49,12,December,4,Q4,2021,False,2022,4
20211209,2021-12-09,9,Thursday,49,12,December,4,Q4,2021,False,2022,4
20211210,2021-12-10,10,Friday,49,12,December,4,Q4,2021,False,2022,4
20211211,2021-12-11,11,Saturday,49,12,December,4,Q4,2021,True,2022,4
20211212,2021-12-12,12,Sunday,49,12,December,4,Q4,2021,True,2022,4
20211213,2021-12-13,13,Monday,50,12,December,4,Q4,2021,False,2022,4
20211214,2021-12-14,14,Tuesday,50,12,December,4,Q4,2021,False,2022,4
20211215,2021-12-15,15,Wednesday,50,12,December,4,Q4,2021,False,2022,4
20211216,2021-12-16,16,Thursday,50,12,December,4,Q4,2021,False,2022,4
20211217,2021-12-17,17,Friday,50,12,December,4,Q4,2021,False,2022,4
20211218,2021-12-18,18,Saturday,50,12,December,4,Q4,2021,True,2022,4
20211219,2021-12-19,19,Sunday,50,12,December,4,Q4,2021,True,2022,4
20211220,2021-12-20,20,Monday,51,12,December,4,Q4,2021,False,2022,4
20211221,2021-12-21,21,Tuesday,51,12,December,4,Q4,2021,False,2022,4
20211222,2021-12-22,22,Wednesday,51,12,December,4,Q4,2021,False,2022,4
20211223,2021-12-23,23,Thursday,51,12,December,4,Q4,2021,False,2022,4
20211224,2021-12-24,24,Friday,51,12,December,4,Q4,2021,False,2022,4
20211225,2021-12-25,25,Saturday,51,12,December,4,Q4,2021,True,2022,4
20211226,2021-12-26,26,Sunday,51,12,December,4,Q4,2021,True,2022,4
20211227,2021-12-27,27,Monday,52,12,December,4,Q4,2021,False,2022,4
20211228,2021-12-28,28,Tuesday,52,12,December,4,Q4,2021,False,2022,4
20211229,2021-12-29,29,Wednesday,52,12,December,4,Q4,2021,False,2022,4
20211230,2021-12-30,30,Thursday,52,12,December,4,Q4,2021,False,2022,4
20211231,2021-12-31,31,Friday,52,12,December,4,Q4,2021,False,2022,4
20220101,2022-01-01,1,Saturday,52,1,January,1,Q1,2022,True,2022,1
20220102,2022-01-02,2,Sunday,52,1,January,1,Q1,2022,True,2022,1
20220103,2022-01-03,3,Monday,1,1,January,1,Q1,2022,False,2022,1
20220104,2022-01-04,4,Tuesday,1,1,January,1,Q1,2022,False,2022,1
20220105,2022-01-05,5,Wednesday,1,1,January,1,Q1,2022,False,2022,1
20220106,2022-01-06,6,Thursday,1,1,January,1,Q1,2022,False,2022,1
20220107,2022-01-07,7,Friday,1,1,January,1,Q1,2022,False,2022,1
20220108,2022-01-08,8,Saturday,1,1,January,1,Q1,2022,True,2022,1
20220109,2022-01-09,9,Sunday,1,1,January,1,Q1,2022,True,2022,1
20220110,2022-01-10,10,Monday,2,1,January,1,Q1,2022,False,2022,1
20220111,2022-01-11,11,Tuesday,2,1,January,1,Q1,2022,False,2022,1
20220112,2022-01-12,12,Wednesday,2,1,January,1,Q1,2022,False,2022,1
20220113,2022-01-13,13,Thursday,2,1,January,1,Q1,2022,False,2022,1
20220114,2022-01-14,14,Friday,2,1,January,1,Q1,2022,False,2022,1
20220115,2022-01-15,15,Saturday,2,1,January,1,Q1,2022,True,2022,1
20220116,2022-01-16,16,Sunday,2,1,January,1,Q1,2022,True,2022,1
20220117,2022-01-17,17,Monday,3,1,January,1,Q1,2022,False,2022,1
20220118,2022-01-18,18,Tuesday,3,1,January,1,Q1,2022,False,2022,1
20220119,2022-01-19,19,Wednesday,3,1,January,1,Q1,2022,False,2022,1
20220120,2022-01-20,20,Thursday,3,1,January,1,Q1,2022,False,2022,1
20220121,2022-01-21,21,Friday,3,1,January,1,Q1,2022,False,2022,1
20220122,2022-01-22,22,Saturday,3,1,January,1,Q1,2022,True,2022,1
20220123,2022-01-23,23,Sunday,3,1,January,1,Q1,2022,True,2022,1
20220124,2022-01-24,24,Monday,4,1,January,1,Q1,2022,False,2022,1
20220125,2022-01-25,25,Tuesday,4,1,January,1,Q1,2022,False,2022,1
20220126,2022-01-26,26,Wednesday,4,1,January,1,Q1,2022,False,2022,1
20220127,2022-01-27,27,Thursday,4,1,January,1,Q1,2022,False,2022,1
20220128,2022-01-28,28,Friday,4,1,January,1,Q1,2022,False,2022,1
20220129,2022-01-29,29,Saturday,4,1,January,1,Q1,2022,True,2022,1
20220130,2022-01-30,30,Sunday,4,1,January,1,Q1,2022,True,2022,1
20220131,2022-01-31,31,Monday,5,1,January,1,Q1,2022,False,2022,1
20220201,2022-02-01,1,Tuesday,5,2,February,1,Q1,2022,False,2022,1
20220202,2022-02-02,2,Wednesday,5,2,February,1,Q1,2022,False,2022,1
20220203,2022-02-03,3,Thursday,5,2,February,1,Q1,2022,False,2022,1
20220204,2022-02-04,4,Friday,5,2,February,1,Q1,2022,False,2022,1
20220205,2022-02-05,5,Saturday,5,2,February,1,Q1,2022,True,2022,1
20220206,2022-02-06,6,Sunday,5,2,February,1,Q1,2022,True,2022,1
20220207,2022-02-07,7,Monday,6,2,February,1,Q1,2022,False,2022,1
20220208,2022-02-08,8,Tuesday,6,2,February,1,Q1,2022,False,2022,1
20220209,2022-02-09,9,Wednesday,6,2,February,1,Q1,2022,False,2022,1
20220210,2022-02-10,10,Thursday,6,2,February,1,Q1,2022,False,2022,1
20220211,2022-02-11,11,Friday,6,2,February,1,Q1,2022,False,2022,1
20220212,2022-02-12,12,Saturday,6,2,February,1,Q1,2022,True,2022,1
20220213,2022-02-13,13,Sunday,6,2,February,1,Q1,2022,True,2022,1
20220214,2022-02-14,14,Monday,7,2,February,1,Q1,2022,False,2022,1
20220215,2022-02-15,15,Tuesday,7,2,February,1,Q1,2022,False,2022,1
20220216,2022-02-16,16,Wednesday,7,2,February,1,Q1,2022,False,2022,1
20220217,2022-02-17,17,Thursday,7,2,February,1,Q1,2022,False,2022,1
20220218,2022-02-18,18,Friday,7,2,February,1,Q1,2022,False,2022,1
20220219,2022-02-19,19,Saturday,7,2,February,1,Q1,2022,True,2022,1
20220220,2022-02-20,20,Sunday,7,2,February,1,Q1,2022,True,2022,1
20220221,2022-02-21,21,Monday,8,2,February,1,Q1,2022,False,2022,1
20220222,2022-02-22,22,Tuesday,8,2,February,1,Q1,2022,False,2022,1
20220223,2022-02-23,23,Wednesday,8,2,February,1,Q1,2022,False,2022,1
20220224,2022-02-24,24,Thursday,8,2,February,1,Q1,2022,False,2022,1
20220225,2022-02-25,25,Friday,8,2,February,1,Q1,2022,False,2022,1
20220226,2022-02-26,26,Saturday,8,2,February,1,Q1,2022,True,2022,1
20220227,2022-02-27,27,Sunday,8,2,February,1,Q1,2022,True,2022,1
20220228,2022-02-28,28,Monday,9,2,February,1,Q1,2022,False,2022,1
20220301,2022-03-01,1,Tuesday,9,3,March,1,Q1,2022,False,2022,1
20220302,2022-03-02,2,Wednesday,9,3,March,1,Q1,2022,False,2022,1
20220303,2022-03-03,3,Thursday,9,3,March,1,Q1,2022,False,2022,1
20220304,2022-03-04,4,Friday,9,3,March,1,Q1,2022,False,2022,1
20220305,2022-03-05,5,Saturday,9,3,March,1,Q1,2022,True,2022,1
20220306,2022-03-06,6,Sunday,9,3,March,1,Q1,2022,True,2022,1
20220307,2022-03-07,7,Monday,10,3,March,1,Q1,2022,False,2022,1
20220308,2022-03-08,8,Tuesday,10,3,March,1,Q1,2022,False,2022,1
20220309,2022-03-09,9,Wednesday,10,3,March,1,Q1,2022,False,2022,1
20220310,2022-03-10,10,Thursday,10,3,March,1,Q1,2022,False,2022,1
20220311,2022-03-11,11,Friday,10,3,March,1,Q1,2022,False,2022,1
20220312,2022-03-12,12,Saturday,10,3,March,1,Q1,2022,True,2022,1
20220313,2022-03-13,13,Sunday,10,3,March,1,Q1,2022,True,2022,1
20220314,2022-03-14,14,Monday,11,3,March,1,Q1,2022,False,2022,1
20220315,2022-03-15,15,Tuesday,11,3,March,1,Q1,2022,False,2022,1
20220316,2022-03-16,16,Wednesday,11,3,March,1,Q1,2022,False,2022,1
20220317,2022-03-17,17,Thursday,11,3,March,1,Q1,2022,False,2022,1
20220318,2022-03-18,18,Friday,11,3,March,1,Q1,2022,False,2022,1
20220319,2022-03-19,19,Saturday,11,3,March,1,Q1,2022,True,2022,1
20220320,2022-03-20,20,Sunday,11,3,March,1,Q1,2022,True,2022,1
20220321,2022-03-21,21,Monday,12,3,March,1,Q1,2022,False,2022,1
20220322,2022-03-22,22,Tuesday,12,3,March,1,Q1,2022,False,2022,1
20220323,2022-03-23,23,Wednesday,12,3,March,1,Q1,2022,False,2022,1
20220324,2022-03-24,24,Thursday,12,3,March,1,Q1,2022,False,2022,1
20220325,2022-03-25,25,Friday,12,3,March,1,Q1,2022,False,2022,1
20220326,2022-03-26,26,Saturday,12,3,March,1,Q1,2022,True,2022,1
20220327,2022-03-27,27,Sunday,12,3,March,1,Q1,2022,True,2022,1
20220328,2022-03-28,28,Monday,13,3,March,1,Q1,2022,False,2022,1
20220329,2022-03-29,29,Tuesday,13,3,March,1,Q1,2022,False,2022,1
20220330,2022-03-30,30,Wednesday,13,3,March,1,Q1,2022,False,2022,1
20220331,2022-03-31,31,Thursday,13,3,March,1,Q1,2022,False,2022,1
20220401,2022-04-01,1,Friday,13,4,April,2,Q2,2022,False,2022,2
20220402,2022-04-02,2,Saturday,13,4,April,2,Q2,2022,True,2022,2
20220403,2022-04-03,3,Sunday,13,4,April,2,Q2,2022,True,2022,2
20220404,2022-04-04,4,Monday,14,4,April,2,Q2,2022,False,2022,2
20220405,2022-04-05,5,Tuesday,14,4,April,2,Q2,2022,False,2022,2
20220406,2022-04-06,6,Wednesday,14,4,April,2,Q2,2022,False,2022,2
20220407,2022-04-07,7,Thursday,14,4,April,2,Q2,2022,False,2022,2
20220408,2022-04-08,8,Friday,14,4,April,2,Q2,2022,False,2022,2
20220409,2022-04-09,9,Saturday,14,4,April,2,Q2,2022,True,2022,2
20220410,2022-04-10,10,Sunday,14,4,April,2,Q2,2022,True,2022,2
20220411,2022-04-11,11,Monday,15,4,April,2,Q2,2022,False,2022,2
20220412,2022-04-12,12,Tuesday,15,4,April,2,Q2,2022,False,2022,2
20220413,2022-04-13,13,Wednesday,15,4,April,2,Q2,2022,False,2022,2
20220414,2022-04-14,14,Thursday,15,4,April,2,Q2,2022,False,2022,2
20220415,2022-04-15,15,Friday,15,4,April,2,Q2,2022,False,2022,2
20220416,2022-04-16,16,Saturday,15,4,April,2,Q2,2022,True,2022,2
20220417,2022-04-17,17,Sunday,15,4,April,2,Q2,2022,True,2022,2
20220418,2022-04-18,18,Monday,16,4,April,2,Q2,2022,False,2022,2
20220419,2022-04-19,19,Tuesday,16,4,April,2,Q2,2022,False,2022,2
20220420,2022-04-20,20,Wednesday,16,4,April,2,Q2,2022,False,2022,2
20220421,2022-04-21,21,Thursday,16,4,April,2,Q2,2022,False,2022,2
20220422,2022-04-22,22,Friday,16,4,April,2,Q2,2022,False,2022,2
20220423,2022-04-23,23,Saturday,16,4,April,2,Q2,2022,True,2022,2
20220424,2022-04-24,24,Sunday,16,4,April,2,Q2,2022,True,2022,2
20220425,2022-04-25,25,Monday,17,4,April,2,Q2,2022,False,2022,2
20220426,2022-04-26,26,Tuesday,17,4,April,2,Q2,2022,False,2022,2
20220427,2022-04-27,27,Wednesday,17,4,April,2,Q2,2022,False,2022,2
20220428,2022-04-28,28,Thursday,17,4,April,2,Q2,2022,False,2022,2
20220429,2022-04-29,29,Friday,17,4,April,2,Q2,2022,False,2022,2
20220430,2022-04-30,30,Saturday,17,4,April,2,Q2,2022,True,2022,2
20220501,2022-05-01,1,Sunday,17,5,May,2,Q2,2022,True,2022,2
20220502,2022-05-02,2,Monday,18,5,May,2,Q2,2022,False,2022,2
20220503,2022-05-03,3,Tuesday,18,5,May,2,Q2,2022,False,2022,2
20220504,2022-05-04,4,Wednesday,18,5,May,2,Q2,2022,False,2022,2
20220505,2022-05-05,5,Thursday,18,5,May,2,Q2,2022,False,2022,2
20220506,2022-05-06,6,Friday,18,5,May,2,Q2,2022,False,2022,2
20220507,2022-05-07,7,Saturday,18,5,May,2,Q2,2022,True,2022,2
20220508,2022-05-08,8,Sunday,18,5,May,2,Q2,2022,True,2022,2
20220509,2022-05-09,9,Monday,19,5,May,2,Q2,2022,False,2022,2
20220510,2022-05-10,10,Tuesday,19,5,May,2,Q2,2022,False,2022,2
20220511,2022-05-11,11,Wednesday,19,5,May,2,Q2,2022,False,2022,2
20220512,2022-05-12,12,Thursday,19,5,May,2,Q2,2022,False,2022,2
20220513,2022-05-13,13,Friday,19,5,May,2,Q2,2022,False,2022,2
20220514,2022-05-14,14,Saturday,19,5,May,2,Q2,2022,True,2022,2
20220515,2022-05-15,15,Sunday,19,5,May,2,Q2,2022,True,2022,2
20220516,2022-05-16,16,Monday,20,5,May,2,Q2,2022,False,2022,2
20220517,2022-05-17,17,Tuesday,20,5,May,2,Q2,2022,False,2022,2
20220518,2022-05-18,18,Wednesday,20,5,May,2,Q2,2022,False,2022,2
20220519,2022-05-19,19,Thursday,20,5,May,2,Q2,2022,False,2022,2
20220520,2022-05-20,20,Friday,20,5,May,2,Q2,2022,False,2022,2
20220521,2022-05-21,21,Saturday,20,5,May,2,Q2,2022,True,2022,2
20220522,2022-05-22,22,Sunday,20,5,May,2,Q2,2022,True,2022,2
20220523,2022-05-23,23,Monday,21,5,May,2,Q2,2022,False,2022,2
20220524,2022-05-24,24,Tuesday,21,5,May,2,Q2,2022,False,2022,2
20220525,2022-05-25,25,Wednesday,21,5,May,2,Q2,2022,False,2022,2
20220526,2022-05-26,26,Thursday,21,5,May,2,Q2,2022,False,2022,2
20220527,2022-05-27,27,Friday,21,5,May,2,Q2,2022,False,2022,2
20220528,2022-05-28,28,Saturday,21,5,May,2,Q2,2022,True,2022,2
20220529,2022-05-29,29,Sunday,21,5,May,2,Q2,2022,True,2022,2
20220530,2022-05-30,30,Monday,22,5,May,2,Q2,2022,False,2022,2
20220531,2022-05-31,31,Tuesday,22,5,May,2,Q2,2022,False,2022,2
20220601,2022-06-01,1,Wednesday,22,6,June,2,Q2,2022,False,2022,2
20220602,2022-06-02,2,Thursday,22,6,June,2,Q2,2022,False,2022,2
20220603,2022-06-03,3,Friday,22,6,June,2,Q2,2022,False,2022,2
20220604,2022-06-04,4,Saturday,22,6,June,2,Q2,2022,True,2022,2
20220605,2022-06-05,5,Sunday,22,6,June,2,Q2,2022,True,2022,2
20220606,2022-06-06,6,Monday,23,6,June,2,Q2,2022,False,2022,2
20220607,2022-06-07,7,Tuesday,23,6,June,2,Q2,2022,False,2022,2
20220608,2022-06-08,8,Wednesday,23,6,June,2,Q2,2022,False,2022,2
20220609,2022-06-09,9,Thursday,23,6,June,2,Q2,2022,False,2022,2
20220610,2022-06-10,10,Friday,23,6,June,2,Q2,2022,False,2022,2
20220611,2022-06-11,11,Saturday,23,6,June,2,Q2,2022,True,2022,2
20220612,2022-06-12,12,Sunday,23,6,June,2,Q2,2022,True,2022,2
20220613,2022-06-13,13,Monday,24,6,June,2,Q2,2022,False,2022,2
20220614,2022-06-14,14,Tuesday,24,6,June,2,Q2,2022,False,2022,2
20220615,2022-06-15,15,Wednesday,24,6,June,2,Q2,2022,False,2022,2
20220616,2022-06-16,16,Thursday,24,6,June,2,Q2,2022,False,2022,2
20220617,2022-06-17,17,Friday,24,6,June,2,Q2,2022,False,2022,2
20220618,2022-06-18,18,Saturday,24,6,June,2,Q2,2022,True,2022,2
20220619,2022-06-19,19,Sunday,24,6,June,2,Q2,2022,True,2022,2
20220620,2022-06-20,20,Monday,25,6,June,2,Q2,2022,False,2022,2
20220621,2022-06-21,21,Tuesday,25,6,June,2,Q2,2022,False,2022,2
20220622,2022-06-22,22,Wednesday,25,6,June,2,Q2,2022,False,2022,2
20220623,2022-06-23,23,Thursday,25,6,June,2,Q2,2022,False,2022,2
20220624,2022-06-24,24,Friday,25,6,June,2,Q2,2022,False,2022,2
20220625,2022-06-25,25,Saturday,25,6,June,2,Q2,2022,True,2022,2
20220626,2022-06-26,26,Sunday,25,6,June,2,Q2,2022,True,2022,2
20220627,2022-06-27,27,Monday,26,6,June,2,Q2,2022,False,2022,2
20220628,2022-06-28,28,Tuesday,26,6,June,2,Q2,2022,False,2022,2
20220629,2022-06-29,29,Wednesday,26,6,June,2,Q2,2022,False,2022,2
20220630,2022-06-30,30,Thursday,26,6,June,2,Q2,2022,False,2022,2
20220701,2022-07-01,1,Friday,26,7,July,3,Q3,2022,False,2022,3
20220702,2022-07-02,2,Saturday,26,7,July,3,Q3,2022,True,2022,3
20220703,2022-07-03,3,Sunday,26,7,July,3,Q3,2022,True,2022,3
20220704,2022-07-04,4,Monday,27,7,July,3,Q3,2022,False,2022,3
20220705,2022-07-05,5,Tuesday,27,7,July,3,Q3,2022,False,2022,3
20220706,2022-07-06,6,Wednesday,27,7,July,3,Q3,2022,False,2022,3
20220707,2022-07-07,7,Thursday,27,7,July,3,Q3,2022,False,2022,3
20220708,2022-07-08,8,Friday,27,7,July,3,Q3,2022,False,2022,3
20220709,2022-07-09,9,Saturday,27,7,July,3,Q3,2022,True,2022,3
20220710,2022-07-10,10,Sunday,27,7,July,3,Q3,2022,True,2022,3
20220711,2022-07-11,11,Monday,28,7,July,3,Q3,2022,False,2022,3
20220712,2022-07-12,12,Tuesday,28,7,July,3,Q3,2022,False,2022,3
20220713,2022-07-13,13,Wednesday,28,7,July,3,Q3,2022,False,2022,3
20220714,2022-07-14,14,Thursday,28,7,July,3,Q3,2022,False,2022,3
20220715,2022-07-15,15,Friday,28,7,July,3,Q3,2022,False,2022,3
20220716,2022-07-16,16,Saturday,28,7,July,3,Q3,2022,True,2022,3
20220717,2022-07-17,17,Sunday,28,7,July,3,Q3,2022,True,2022,3
20220718,2022-07-18,18,Monday,29,7,July,3,Q3,2022,False,2022,3
20220719,2022-07-19,19,Tuesday,29,7,July,3,Q3,2022,False,2022,3
20220720,2022-07-20,20,Wednesday,29,7,July,3,Q3,2022,False,2022,3
20220721,2022-07-21,21,Thursday,29,7,July,3,Q3,2022,False,2022,3
20220722,2022-07-22,22,Friday,29,7,July,3,Q3,2022,False,2022,3
20220723,2022-07-23,23,Saturday,29,7,July,3,Q3,2022,True,2022,3
20220724,2022-07-24,24,Sunday,29,7,July,3,Q3,2022,True,2022,3
20220725,2022-07-25,25,Monday,30,7,July,3,Q3,2022,False,2022,3
20220726,2022-07-26,26,Tuesday,30,7,July,3,Q3,2022,False,2022,3
20220727,2022-07-27,27,Wednesday,30,7,July,3,Q3,2022,False,2022,3
20220728,2022-07-28,28,Thursday,30,7,July,3,Q3,2022,False,2022,3
20220729,2022-07-29,29,Friday,30,7,July,3,Q3,2022,False,2022,3
20220730,2022-07-30,30,Saturday,30,7,July,3,Q3,2022,True,2022,3
20220731,2022-07-31,31,Sunday,30,7,July,3,Q3,2022,True,2022,3
20220801,2022-08-01,1,Monday,31,8,August,3,Q3,2022,False,2022,3
20220802,2022-08-02,2,Tuesday,31,8,August,3,Q3,2022,False,2022,3
20220803,2022-08-03,3,Wednesday,31,8,August,3,Q3,2022,False,2022,3
20220804,2022-08-04,4,Thursday,31,8,August,3,Q3,2022,False,2022,3
20220805,2022-08-05,5,Friday,31,8,August,3,Q3,2022,False,2022,3
20220806,2022-08-06,6,Saturday,31,8,August,3,Q3,2022,True,2022,3
20220807,2022-08-07,7,Sunday,31,8,August,3,Q3,2022,True,2022,3
20220808,2022-08-08,8,Monday,32,8,August,3,Q3,2022,False,2022,3
20220809,2022-08-09,9,Tuesday,32,8,August,3,Q3,2022,False,2022,3
20220810,2022-08-10,10,Wednesday,32,8,August,3,Q3,2022,False,2022,3
20220811,2022-08-11,11,Thursday,32,8,August,3,Q3,2022,False,2022,3
20220812,2022-08-12,12,Friday,32,8,August,3,Q3,2022,False,2022,3
20220813,2022-08-13,13,Saturday,32,8,August,3,Q3,2022,True,2022,3
20220814,2022-08-14,14,Sunday,32,8,August,3,Q3,2022,True,2022,3
20220815,2022-08-15,15,Monday,33,8,August,3,Q3,2022,False,2022,3
20220816,2022-08-16,16,Tuesday,33,8,August,3,Q3,2022,False,2022,3
20220817,2022-08-17,17,Wednesday,33,8,August,3,Q3,2022,False,2022,3
20220818,2022-08-18,18,Thursday,33,8,August,3,Q3,2022,False,2022,3
20220819,2022-08-19,19,Friday,33,8,August,3,Q3,2022,False,2022,3
20220820,2022-08-20,20,Saturday,33,8,August,3,Q3,2022,True,2022,3
20220821,2022-08-21,21,Sunday,33,8,August,3,Q3,2022,True,2022,3
20220822,2022-08-22,22,Monday,34,8,August,3,Q3,2022,False,2022,3
20220823,2022-08-23,23,Tuesday,34,8,August,3,Q3,2022,False,2022,3
20220824,2022-08-24,24,Wednesday,34,8,August,3,Q3,2022,False,2022,3
20220825,2022-08-25,25,Thursday,34,8,August,3,Q3,2022,False,2022,3
20220826,2022-08-26,26,Friday,34,8,August,3,Q3,2022,False,2022,3
20220827,2022-08-27,27,Saturday,34,8,August,3,Q3,2022,True,2022,3
20220828,2022-08-28,28,Sunday,34,8,August,3,Q3,2022,True,2022,3
20220829,2022-08-29,29,Monday,35,8,August,3,Q3,2022,False,2022,3
20220830,2022-08-30,30,Tuesday,35,8,August,3,Q3,2022,False,2022,3
20220831,2022-08-31,31,Wednesday,35,8,August,3,Q3,2022,False,2022,3
20220901,2022-09-01,1,Thursday,35,9,September,3,Q3,2022,False,2022,3
20220902,2022-09-02,2,Friday,35,9,September,3,Q3,2022,False,2022,3
20220903,2022-09-03,3,Saturday,35,9,September,3,Q3,2022,True,2022,3
20220904,2022-09-04,4,Sunday,35,9,September,3,Q3,2022,True,2022,3
20220905,2022-09-05,5,Monday,36,9,September,3,Q3,2022,False,2022,3
20220906,2022-09-06,6,Tuesday,36,9,September,3,Q3,2022,False,2022,3
20220907,2022-09-07,7,Wednesday,36,9,September,3,Q3,2022,False,2022,3
20220908,2022-09-08,8,Thursday,36,9,September,3,Q3,2022,False,2022,3
20220909,2022-09-09,9,Friday,36,9,September,3,Q3,2022,False,2022,3
20220910,2022-09-10,10,Saturday,36,9,September,3,Q3,2022,True,2022,3
20220911,2022-09-11,11,Sunday,36,9,September,3,Q3,2022,True,2022,3
20220912,2022-09-12,12,Monday,37,9,September,3,Q3,2022,False,2022,3
20220913,2022-09-13,13,Tuesday,37,9,September,3,Q3,2022,False,2022,3
20220914,2022-09-14,14,Wednesday,37,9,September,3,Q3,2022,False,2022,3
20220915,2022-09-15,15,Thursday,37,9,September,3,Q3,2022,False,2022,3
20220916,2022-09-16,16,Friday,37,9,September,3,Q3,2022,False,2022,3
20220917,2022-09-17,17,Saturday,37,9,September,3,Q3,2022,True,2022,3
20220918,2022-09-18,18,Sunday,37,9,September,3,Q3,2022,True,2022,3
20220919,2022-09-19,19,Monday,38,9,September,3,Q3,2022,False,2022,3
20220920,2022-09-20,20,Tuesday,38,9,September,3,Q3,2022,False,2022,3
20220921,2022-09-21,21,Wednesday,38,9,September,3,Q3,2022,False,2022,3
20220922,2022-09-22,22,Thursday,38,9,September,3,Q3,2022,False,2022,3
20220923,2022-09-23,23,Friday,38,9,September,3,Q3,2022,False,2022,3
20220924,2022-09-24,24,Saturday,38,9,September,3,Q3,2022,True,2022,3
20220925,2022-09-25,25,Sunday,38,9,September,3,Q3,2022,True,2022,3
20220926,2022-09-26,26,Monday,39,9,September,3,Q3,2022,False,2022,3
20220927,2022-09-27,27,Tuesday,39,9,September,3,Q3,2022,False,2022,3
20220928,2022-09-28,28,Wednesday,39,9,September,3,Q3,2022,False,2022,3
20220929,2022-09-29,29,Thursday,39,9,September,3,Q3,2022,False,2022,3
20220930,2022-09-30,30,Friday,39,9,September,3,Q3,2022,False,2022,3
20221001,2022-10-01,1,Saturday,39,10,October,4,Q4,2022,True,2023,4
20221002,2022-10-02,2,Sunday,39,10,October,4,Q4,2022,True,2023,4
20221003,2022-10-03,3,Monday,40,10,October,4,Q4,2022,False,2023,4
20221004,2022-10-04,4,Tuesday,40,10,October,4,Q4,2022,False,2023,4
20221005,2022-10-05,5,Wednesday,40,10,October,4,Q4,2022,False,2023,4
20221006,2022-10-06,6,Thursday,40,10,October,4,Q4,2022,False,2023,4
20221007,2022-10-07,7,Friday,40,10,October,4,Q4,2022,False,2023,4
20221008,2022-10-08,8,Saturday,40,10,October,4,Q4,2022,True,2023,4
20221009,2022-10-09,9,Sunday,40,10,October,4,Q4,2022,True,2023,4
20221010,2022-10-10,10,Monday,41,10,October,4,Q4,2022,False,2023,4
20221011,2022-10-11,11,Tuesday,41,10,October,4,Q4,2022,False,2023,4
20221012,2022-10-12,12,Wednesday,41,10,October,4,Q4,2022,False,2023,4
20221013,2022-10-13,13,Thursday,41,10,October,4,Q4,2022,False,2023,4
20221014,2022-10-14,14,Friday,41,10,October,4,Q4,2022,False,2023,4
20221015,2022-10-15,15,Saturday,41,10,October,4,Q4,2022,True,2023,4
20221016,2022-10-16,16,Sunday,41,10,October,4,Q4,2022,True,2023,4
20221017,2022-10-17,17,Monday,42,10,October,4,Q4,2022,False,2023,4
20221018,2022-10-18,18,Tuesday,42,10,October,4,Q4,2022,False,2023,4
20221019,2022-10-19,19,Wednesday,42,10,October,4,Q4,2022,False,2023,4
20221020,2022-10-20,20,Thursday,42,10,October,4,Q4,2022,False,2023,4
20221021,2022-10-21,21,Friday,42,10,October,4,Q4,2022,False,2023,4
20221022,2022-10-22,22,Saturday,42,10,October,4,Q4,2022,True,2023,4
20221023,2022-10-23,23,Sunday,42,10,October,4,Q4,2022,True,2023,4
20221024,2022-10-24,24,Monday,43,10,October,4,Q4,2022,False,2023,4
20221025,2022-10-25,25,Tuesday,43,10,October,4,Q4,2022,False,2023,4
20221026,2022-10-26,26,Wednesday,43,10,October,4,Q4,2022,False,2023,4
20221027,2022-10-27,27,Thursday,43,10,October,4,Q4,2022,False,2023,4
20221028,2022-10-28,28,Friday,43,10,October,4,Q4,2022,False,2023,4
20221029,2022-10-29,29,Saturday,43,10,October,4,Q4,2022,True,2023,4
20221030,2022-10-30,30,Sunday,43,10,October,4,Q4,2022,True,2023,4
20221031,2022-10-31,31,Monday,44,10,October,4,Q4,2022,False,2023,4
20221101,2022-11-01,1,Tuesday,44,11,November,4,Q4,2022,False,2023,4
20221102,2022-11-02,2,Wednesday,44,11,November,4,Q4,2022,False,2023,4
20221103,2022-11-03,3,Thursday,44,11,November,4,Q4,2022,False,2023,4
20221104,2022-11-04,4,Friday,44,11,November,4,Q4,2022,False,2023,4
20221105,2022-11-05,5,Saturday,44,11,November,4,Q4,2022,True,2023,4
20221106,2022-11-06,6,Sunday,44,11,November,4,Q4,2022,True,2023,4
20221107,2022-11-07,7,Monday,45,11,November,4,Q4,2022,False,2023,4
20221108,2022-11-08,8,Tuesday,45,11,November,4,Q4,2022,False,2023,4
20221109,2022-11-09,9,Wednesday,45,11,November,4,Q4,2022,False,2023,4
20221110,2022-11-10,10,Thursday,45,11,November,4,Q4,2022,False,2023,4
20221111,2022-11-11,11,Friday,45,11,November,4,Q4,2022,False,2023,4
20221112,2022-11-12,12,Saturday,45,11,November,4,Q4,2022,True,2023,4
20221113,2022-11-13,13,Sunday,45,11,November,4,Q4,2022,True,2023,4
20221114,2022-11-14,14,Monday,46,11,November,4,Q4,2022,False,2023,4
20221115,2022-11-15,15,Tuesday,46,11,November,4,Q4,2022,False,2023,4
20221116,2022-11-16,16,Wednesday,46,11,November,4,Q4,2022,False,2023,4
20221117,2022-11-17,17,Thursday,46,11,November,4,Q4,2022,False,2023,4
20221118,2022-11-18,18,Friday,46,11,November,4,Q4,2022,False,2023,4
20221119,2022-11-19,19,Saturday,46,11,November,4,Q4,2022,True,2023,4
20221120,2022-11-20,20,Sunday,46,11,November,4,Q4,2022,True,2023,4
20221121,2022-11-21,21,Monday,47,11,November,4,Q4,2022,False,2023,4
20221122,2022-11-22,22,Tuesday,47,11,November,4,Q4,2022,False,2023,4
20221123,2022-11-23,23,Wednesday,47,11,November,4,Q4,2022,False,2023,4
20221124,2022-11-24,24,Thursday,47,11,November,4,Q4,2022,False,2023,4
20221125,2022-11-25,25,Friday,47,11,November,4,Q4,2022,False,2023,4
20221126,2022-11-26,26,Saturday,47,11,November,4,Q4,2022,True,2023,4
20221127,2022-11-27,27,Sunday,47,11,November,4,Q4,2022,True,2023,4
20221128,2022-11-28,28,Monday,48,11,November,4,Q4,2022,False,2023,4
20221129,2022-11-29,29,Tuesday,48,11,November,4,Q4,2022,False,2023,4
20221130,2022-11-30,30,Wednesday,48,11,November,4,Q4,2022,False,2023,4
20221201,2022-12-01,1,Thursday,48,12,December,4,Q4,2022,False,2023,4
20221202,2022-12-02,2,Friday,48,12,December,4,Q4,2022,False,2023,4
20221203,2022-12-03,3,Saturday,48,12,December,4,Q4,2022,True,2023,4
20221204,2022-12-04,4,Sunday,48,12,December,4,Q4,2022,True,2023,4
20221205,2022-12-05,5,Monday,49,12,December,4,Q4,2022,False,2023,4
20221206,2022-12-06,6,Tuesday,49,12,December,4,Q4,2022,False,2023,4
20221207,2022-12-07,7,Wednesday,49,12,December,4,Q4,2022,False,2023,4
20221208,2022-12-08,8,Thursday,49,12,December,4,Q4,2022,False,2023,4
20221209,2022-12-09,9,Friday,49,12,December,4,Q4,2022,False,2023,4
20221210,2022-12-10,10,Saturday,49,12,December,4,Q4,2022,True,2023,4
20221211,2022-12-11,11,Sunday,49,12,December,4,Q4,2022,True,2023,4
20221212,2022-12-12,12,Monday,50,12,December,4,Q4,2022,False,2023,4
20221213,2022-12-13,13,Tuesday,50,12,December,4,Q4,2022,False,2023,4
20221214,2022-12-14,14,Wednesday,50,12,December,4,Q4,2022,False,2023,4
20221215,2022-12-15,15,Thursday,50,12,December,4,Q4,2022,False,2023,4
20221216,2022-12-16,16,Friday,50,12,December,4,Q4,2022,False,2023,4
20221217,2022-12-17,17,Saturday,50,12,December,4,Q4,2022,True,2023,4
20221218,2022-12-18,18,Sunday,50,12,December,4,Q4,2022,True,2023,4
20221219,2022-12-19,19,Monday,51,12,December,4,Q4,2022,False,2023,4
20221220,2022-12-20,20,Tuesday,51,12,December,4,Q4,2022,False,2023,4
20221221,2022-12-21,21,Wednesday,51,12,December,4,Q4,2022,False,2023,4
20221222,2022-12-22,22,Thursday,51,12,December,4,Q4,2022,False,2023,4
20221223,2022-12-23,23,Friday,51,12,December,4,Q4,2022,False,2023,4
20221224,2022-12-24,24,Saturday,51,12,December,4,Q4,2022,True,2023,4
20221225,2022-12-25,25,Sunday,51,12,December,4,Q4,2022,True,2023,4
20221226,2022-12-26,26,Monday,52,12,December,4,Q4,2022,False,2023,4
20221227,2022-12-27,27,Tuesday,52,12,December,4,Q4,2022,False,2023,4
20221228,2022-12-28,28,Wednesday,52,12,December,4,Q4,2022,False,2023,4
20221229,2022-12-29,29,Thursday,52,12,December,4,Q4,2022,False,2023,4
20221230,2022-12-30,30,Friday,52,12,December,4,Q4,2022,False,2023,4
20221231,2022-12-31,31,Saturday,52,12,December,4,Q4,2022,True,2023,4
20230101,2023-01-01,1,Sunday,52,1,January,1,Q1,2023,True,2023,1
20230102,2023-01-02,2,Monday,1,1,January,1,Q1,2023,False,2023,1
20230103,2023-01-03,3,Tuesday,1,1,January,1,Q1,2023,False,2023,1
20230104,2023-01-04,4,Wednesday,1,1,January,1,Q1,2023,False,2023,1
20230105,2023-01-05,5,Thursday,1,1,January,1,Q1,2023,False,2023,1
20230106,2023-01-06,6,Friday,1,1,January,1,Q1,2023,False,2023,1
20230107,2023-01-07,7,Saturday,1,1,January,1,Q1,2023,True,2023,1
20230108,2023-01-08,8,Sunday,1,1,January,1,Q1,2023,True,2023,1
20230109,2023-01-09,9,Monday,2,1,January,1,Q1,2023,False,2023,1
20230110,2023-01-10,10,Tuesday,2,1,January,1,Q1,2023,False,2023,1
20230111,2023-01-11,11,Wednesday,2,1,January,1,Q1,2023,False,2023,1
20230112,2023-01-12,12,Thursday,2,1,January,1,Q1,2023,False,2023,1
20230113,2023-01-13,13,Friday,2,1,January,1,Q1,2023,False,2023,1
20230114,2023-01-14,14,Saturday,2,1,January,1,Q1,2023,True,2023,1
20230115,2023-01-15,15,Sunday,2,1,January,1,Q1,2023,True,2023,1
20230116,2023-01-16,16,Monday,3,1,January,1,Q1,2023,False,2023,1
20230117,2023-01-17,17,Tuesday,3,1,January,1,Q1,2023,False,2023,1
20230118,2023-01-18,18,Wednesday,3,1,January,1,Q1,2023,False,2023,1
20230119,2023-01-19,19,Thursday,3,1,January,1,Q1,2023,False,2023,1
20230120,2023-01-20,20,Friday,3,1,January,1,Q1,2023,False,2023,1
20230121,2023-01-21,21,Saturday,3,1,January,1,Q1,2023,True,2023,1
20230122,2023-01-22,22,Sunday,3,1,January,1,Q1,2023,True,2023,1
20230123,2023-01-23,23,Monday,4,1,January,1,Q1,2023,False,2023,1
20230124,2023-01-24,24,Tuesday,4,1,January,1,Q1,2023,False,2023,1
20230125,2023-01-25,25,Wednesday,4,1,January,1,Q1,2023,False,2023,1
20230126,2023-01-26,26,Thursday,4,1,January,1,Q1,2023,False,2023,1
20230127,2023-01-27,27,Friday,4,1,January,1,Q1,2023,False,2023,1
20230128,2023-01-28,28,Saturday,4,1,January,1,Q1,2023,True,2023,1
20230129,2023-01-29,29,Sunday,4,1,January,1,Q1,2023,True,2023,1
20230130,2023-01-30,30,Monday,5,1,January,1,Q1,2023,False,2023,1
20230131,2023-01-31,31,Tuesday,5,1,January,1,Q1,2023,False,2023,1
20230201,2023-02-01,1,Wednesday,5,2,February,1,Q1,2023,False,2023,1
20230202,2023-02-02,2,Thursday,5,2,February,1,Q1,2023,False,2023,1
20230203,2023-02-03,3,Friday,5,2,February,1,Q1,2023,False,2023,1
20230204,2023-02-04,4,Saturday,5,2,February,1,Q1,2023,True,2023,1
20230205,2023-02-05,5,Sunday,5,2,February,1,Q1,2023,True,2023,1
20230206,2023-02-06,6,Monday,6,2,February,1,Q1,2023,False,2023,1
20230207,2023-02-07,7,Tuesday,6,2,February,1,Q1,2023,False,2023,1
20230208,2023-02-08,8,Wednesday,6,2,February,1,Q1,2023,False,2023,1
20230209,2023-02-09,9,Thursday,6,2,February,1,Q1,2023,False,2023,1
20230210,2023-02-10,10,Friday,6,2,February,1,Q1,2023,False,2023,1
20230211,2023-02-11,11,Saturday,6,2,February,1,Q1,2023,True,2023,1
20230212,2023-02-12,12,Sunday,6,2,February,1,Q1,2023,True,2023,1
20230213,2023-02-13,13,Monday,7,2,February,1,Q1,2023,False,2023,1
20230214,2023-02-14,14,Tuesday,7,2,February,1,Q1,2023,False,2023,1
20230215,2023-02-15,15,Wednesday,7,2,February,1,Q1,2023,False,2023,1
20230216,2023-02-16,16,Thursday,7,2,February,1,Q1,2023,False,2023,1
20230217,2023-02-17,17,Friday,7,2,February,1,Q1,2023,False,2023,1
20230218,2023-02-18,18,Saturday,7,2,February,1,Q1,2023,True,2023,1
20230219,2023-02-19,19,Sunday,7,2,February,1,Q1,2023,True,2023,1
20230220,2023-02-20,20,Monday,8,2,February,1,Q1,2023,False,2023,1
20230221,2023-02-21,21,Tuesday,8,2,February,1,Q1,2023,False,2023,1
20230222,2023-02-22,22,Wednesday,8,2,February,1,Q1,2023,False,2023,1
20230223,2023-02-23,23,Thursday,8,2,February,1,Q1,2023,False,2023,1
20230224,2023-02-24,24,Friday,8,2,February,1,Q1,2023,False,2023,1
20230225,2023-02-25,25,Saturday,8,2,February,1,Q1,2023,True,2023,1
20230226,2023-02-26,26,Sunday,8,2,February,1,Q1,2023,True,2023,1
20230227,2023-02-27,27,Monday,9,2,February,1,Q1,2023,False,2023,1
20230228,2023-02-28,28,Tuesday,9,2,February,1,Q1,2023,False,2023,1
20230301,2023-03-01,1,Wednesday,9,3,March,1,Q1,2023,False,2023,1
20230302,2023-03-02,2,Thursday,9,3,March,1,Q1,2023,False,2023,1
20230303,2023-03-03,3,Friday,9,3,March,1,Q1,2023,False,2023,1
20230304,2023-03-04,4,Saturday,9,3,March,1,Q1,2023,True,2023,1
20230305,2023-03-05,5,Sunday,9,3,March,1,Q1,2023,True,2023,1
20230306,2023-03-06,6,Monday,10,3,March,1,Q1,2023,False,2023,1
20230307,2023-03-07,7,Tuesday,10,3,March,1,Q1,2023,False,2023,1
20230308,2023-03-08,8,Wednesday,10,3,March,1,Q1,2023,False,2023,1
20230309,2023-03-09,9,Thursday,10,3,March,1,Q1,2023,False,2023,1
20230310,2023-03-10,10,Friday,10,3,March,1,Q1,2023,False,2023,1
20230311,2023-03-11,11,Saturday,10,3,March,1,Q1,2023,True,2023,1
20230312,2023-03-12,12,Sunday,10,3,March,1,Q1,2023,True,2023,1
20230313,2023-03-13,13,Monday,11,3,March,1,Q1,2023,False,2023,1
20230314,2023-03-14,14,Tuesday,11,3,March,1,Q1,2023,False,2023,1
20230315,2023-03-15,15,Wednesday,11,3,March,1,Q1,2023,False,2023,1
20230316,2023-03-16,16,Thursday,11,3,March,1,Q1,2023,False,2023,1
20230317,2023-03-17,17,Friday,11,3,March,1,Q1,2023,False,2023,1
20230318,2023-03-18,18,Saturday,11,3,March,1,Q1,2023,True,2023,1
20230319,2023-03-19,19,Sunday,11,3,March,1,Q1,2023,True,2023,1
20230320,2023-03-20,20,Monday,12,3,March,1,Q1,2023,False,2023,1
20230321,2023-03-21,21,Tuesday,12,3,March,1,Q1,2023,False,2023,1
20230322,2023-03-22,22,Wednesday,12,3,March,1,Q1,2023,False,2023,1
20230323,2023-03-23,23,Thursday,12,3,March,1,Q1,2023,False,2023,1
20230324,2023-03-24,24,Friday,12,3,March,1,Q1,2023,False,2023,1
20230325,2023-03-25,25,Saturday,12,3,March,1,Q1,2023,True,2023,1
20230326,2023-03-26,26,Sunday,12,3,March,1,Q1,2023,True,2023,1
20230327,2023-03-27,27,Monday,13,3,March,1,Q1,2023,False,2023,1
20230328,2023-03-28,28,Tuesday,13,3,March,1,Q1,2023,False,2023,1
20230329,2023-03-29,29,Wednesday,13,3,March,1,Q1,2023,False,2023,1
20230330,2023-03-30,30,Thursday,13,3,March,1,Q1,2023,False,2023,1
20230331,2023-03-31,31,Friday,13,3,March,1,Q1,2023,False,2023,1
20230401,2023-04-01,1,Saturday,13,4,April,2,Q2,2023,True,2023,2
20230402,2023-04-02,2,Sunday,13,4,April,2,Q2,2023,True,2023,2
20230403,2023-04-03,3,Monday,14,4,April,2,Q2,2023,False,2023,2
20230404,2023-04-04,4,Tuesday,14,4,April,2,Q2,2023,False,2023,2
20230405,2023-04-05,5,Wednesday,14,4,April,2,Q2,2023,False,2023,2
20230406,2023-04-06,6,Thursday,14,4,April,2,Q2,2023,False,2023,2
20230407,2023-04-07,7,Friday,14,4,April,2,Q2,2023,False,2023,2
20230408,2023-04-08,8,Saturday,14,4,April,2,Q2,2023,True,2023,2
20230409,2023-04-09,9,Sunday,14,4,April,2,Q2,2023,True,2023,2
20230410,2023-04-10,10,Monday,15,4,April,2,Q2,2023,False,2023,2
20230411,2023-04-11,11,Tuesday,15,4,April,2,Q2,2023,False,2023,2
20230412,2023-04-12,12,Wednesday,15,4,April,2,Q2,2023,False,2023,2
20230413,2023-04-13,13,Thursday,15,4,April,2,Q2,2023,False,2023,2
20230414,2023-04-14,14,Friday,15,4,April,2,Q2,2023,False,2023,2
20230415,2023-04-15,15,Saturday,15,4,April,2,Q2,2023,True,2023,2
20230416,2023-04-16,16,Sunday,15,4,April,2,Q2,2023,True,2023,2
20230417,2023-04-17,17,Monday,16,4,April,2,Q2,2023,False,2023,2
20230418,2023-04-18,18,Tuesday,16,4,April,2,Q2,2023,False,2023,2
20230419,2023-04-19,19,Wednesday,16,4,April,2,Q2,2023,False,2023,2
20230420,2023-04-20,20,Thursday,16,4,April,2,Q2,2023,False,2023,2
20230421,2023-04-21,21,Friday,16,4,April,2,Q2,2023,False,2023,2
20230422,2023-04-22,22,Saturday,16,4,April,2,Q2,2023,True,2023,2
20230423,2023-04-23,23,Sunday,16,4,April,2,Q2,2023,True,2023,2
20230424,2023-04-24,24,Monday,17,4,April,2,Q2,2023,False,2023,2
20230425,2023-04-25,25,Tuesday,17,4,April,2,Q2,2023,False,2023,2
20230426,2023-04-26,26,Wednesday,17,4,April,2,Q2,2023,False,2023,2
20230427,2023-04-27,27,Thursday,17,4,April,2,Q2,2023,False,2023,2
20230428,2023-04-28,28,Friday,17,4,April,2,Q2,2023,False,2023,2
20230429,2023-04-29,29,Saturday,17,4,April,2,Q2,2023,True,2023,2
20230430,2023-04-30,30,Sunday,17,4,April,2,Q2,2023,True,2023,2
20230501,2023-05-01,1,Monday,18,5,May,2,Q2,2023,False,2023,2
20230502,2023-05-02,2,Tuesday,18,5,May,2,Q2,2023,False,2023,2
20230503,2023-05-03,3,Wednesday,18,5,May,2,Q2,2023,False,2023,2
20230504,2023-05-04,4,Thursday,18,5,May,2,Q2,2023,False,2023,2
20230505,2023-05-05,5,Friday,18,5,May,2,Q2,2023,False,2023,2
20230506,2023-05-06,6,Saturday,18,5,May,2,Q2,2023,True,2023,2
20230507,2023-05-07,7,Sunday,18,5,May,2,Q2,2023,True,2023,2
20230508,2023-05-08,8,Monday,19,5,May,2,Q2,2023,False,2023,2
20230509,2023-05-09,9,Tuesday,19,5,May,2,Q2,2023,False,2023,2
20230510,2023-05-10,10,Wednesday,19,5,May,2,Q2,2023,False,2023,2
20230511,2023-05-11,11,Thursday,19,5,May,2,Q2,2023,False,2023,2
20230512,2023-05-12,12,Friday,19,5,May,2,Q2,2023,False,2023,2
20230513,2023-05-13,13,Saturday,19,5,May,2,Q2,2023,True,2023,2
20230514,2023-05-14,14,Sunday,19,5,May,2,Q2,2023,True,2023,2
20230515,2023-05-15,15,Monday,20,5,May,2,Q2,2023,False,2023,2
20230516,2023-05-16,16,Tuesday,20,5,May,2,Q2,2023,False,2023,2
20230517,2023-05-17,17,Wednesday,20,5,May,2,Q2,2023,False,2023,2
20230518,2023-05-18,18,Thursday,20,5,May,2,Q2,2023,False,2023,2
20230519,2023-05-19,19,Friday,20,5,May,2,Q2,2023,False,2023,2
20230520,2023-05-20,20,Saturday,20,5,May,2,Q2,2023,True,2023,2
20230521,2023-05-21,21,Sunday,20,5,May,2,Q2,2023,True,2023,2
20230522,2023-05-22,22,Monday,21,5,May,2,Q2,2023,False,2023,2
20230523,2023-05-23,23,Tuesday,21,5,May,2,Q2,2023,False,2023,2
20230524,2023-05-24,24,Wednesday,21,5,May,2,Q2,2023,False,2023,2
20230525,2023-05-25,25,Thursday,21,5,May,2,Q2,2023,False,2023,2
20230526,2023-05-26,26,Friday,21,5,May,2,Q2,2023,False,2023,2
20230527,2023-05-27,27,Saturday,21,5,May,2,Q2,2023,True,2023,2
20230528,2023-05-28,28,Sunday,21,5,May,2,Q2,2023,True,2023,2
20230529,2023-05-29,29,Monday,22,5,May,2,Q2,2023,False,2023,2
20230530,2023-05-30,30,Tuesday,22,5,May,2,Q2,2023,False,2023,2
20230531,2023-05-31,31,Wednesday,22,5,May,2,Q2,2023,False,2023,2
20230601,2023-06-01,1,Thursday,22,6,June,2,Q2,2023,False,2023,2
20230602,2023-06-02,2,Friday,22,6,June,2,Q2,2023,False,2023,2
20230603,2023-06-03,3,Saturday,22,6,June,2,Q2,2023,True,2023,2
20230604,2023-06-04,4,Sunday,22,6,June,2,Q2,2023,True,2023,2
20230605,2023-06-05,5,Monday,23,6,June,2,Q2,2023,False,2023,2
20230606,2023-06-06,6,Tuesday,23,6,June,2,Q2,2023,False,2023,2
20230607,2023-06-07,7,Wednesday,23,6,June,2,Q2,2023,False,2023,2
20230608,2023-06-08,8,Thursday,23,6,June,2,Q2,2023,False,2023,2
20230609,2023-06-09,9,Friday,23,6,June,2,Q2,2023,False,2023,2
20230610,2023-06-10,10,Saturday,23,6,June,2,Q2,2023,True,2023,2
20230611,2023-06-11,11,Sunday,23,6,June,2,Q2,2023,True,2023,2
20230612,2023-06-12,12,Monday,24,6,June,2,Q2,2023,False,2023,2
20230613,2023-06-13,13,Tuesday,24,6,June,2,Q2,2023,False,2023,2
20230614,2023-06-14,14,Wednesday,24,6,June,2,Q2,2023,False,2023,2
20230615,2023-06-15,15,Thursday,24,6,June,2,Q2,2023,False,2023,2
20230616,2023-06-16,16,Friday,24,6,June,2,Q2,2023,False,2023,2
20230617,2023-06-17,17,Saturday,24,6,June,2,Q2,2023,True,2023,2
20230618,2023-06-18,18,Sunday,24,6,June,2,Q2,2023,True,2023,2
20230619,2023-06-19,19,Monday,25,6,June,2,Q2,2023,False,2023,2
20230620,2023-06-20,20,Tuesday,25,6,June,2,Q2,2023,False,2023,2
20230621,2023-06-21,21,Wednesday,25,6,June,2,Q2,2023,False,2023,2
20230622,2023-06-22,22,Thursday,25,6,June,2,Q2,2023,False,2023,2
20230623,2023-06-23,23,Friday,25,6,June,2,Q2,2023,False,2023,2
20230624,2023-06-24,24,Saturday,25,6,June,2,Q2,2023,True,2023,2
20230625,2023-06-25,25,Sunday,25,6,June,2,Q2,2023,True,2023,2
20230626,2023-06-26,26,Monday,26,6,June,2,Q2,2023,False,2023,2
20230627,2023-06-27,27,Tuesday,26,6,June,2,Q2,2023,False,2023,2
20230628,2023-06-28,28,Wednesday,26,6,June,2,Q2,2023,False,2023,2
20230629,2023-06-29,29,Thursday,26,6,June,2,Q2,2023,False,2023,2
20230630,2023-06-30,30,Friday,26,6,June,2,Q2,2023,False,2023,2
20230701,2023-07-01,1,Saturday,26,7,July,3,Q3,2023,True,2023,3
20230702,2023-07-02,2,Sunday,26,7,July,3,Q3,2023,True,2023,3
20230703,2023-07-03,3,Monday,27,7,July,3,Q3,2023,False,2023,3
20230704,2023-07-04,4,Tuesday,27,7,July,3,Q3,2023,False,2023,3
20230705,2023-07-05,5,Wednesday,27,7,July,3,Q3,2023,False,2023,3
20230706,2023-07-06,6,Thursday,27,7,July,3,Q3,2023,False,2023,3
20230707,2023-07-07,7,Friday,27,7,July,3,Q3,2023,False,2023,3
20230708,2023-07-08,8,Saturday,27,7,July,3,Q3,2023,True,2023,3
20230709,2023-07-09,9,Sunday,27,7,July,3,Q3,2023,True,2023,3
20230710,2023-07-10,10,Monday,28,7,July,3,Q3,2023,False,2023,3
20230711,2023-07-11,11,Tuesday,28,7,July,3,Q3,2023,False,2023,3
20230712,2023-07-12,12,Wednesday,28,7,July,3,Q3,2023,False,2023,3
20230713,2023-07-13,13,Thursday,28,7,July,3,Q3,2023,False,2023,3
20230714,2023-07-14,14,Friday,28,7,July,3,Q3,2023,False,2023,3
20230715,2023-07-15,15,Saturday,28,7,July,3,Q3,2023,True,2023,3
20230716,2023-07-16,16,Sunday,28,7,July,3,Q3,2023,True,2023,3
20230717,2023-07-17,17,Monday,29,7,July,3,Q3,2023,False,2023,3
20230718,2023-07-18,18,Tuesday,29,7,July,3,Q3,2023,False,2023,3
20230719,2023-07-19,19,Wednesday,29,7,July,3,Q3,2023,False,2023,3
20230720,2023-07-20,20,Thursday,29,7,July,3,Q3,2023,False,2023,3
20230721,2023-07-21,21,Friday,29,7,July,3,Q3,2023,False,2023,3
20230722,2023-07-22,22,Saturday,29,7,July,3,Q3,2023,True,2023,3
20230723,2023-07-23,23,Sunday,29,7,July,3,Q3,2023,True,2023,3
20230724,2023-07-24,24,Monday,30,7,July,3,Q3,2023,False,2023,3
20230725,2023-07-25,25,Tuesday,30,7,July,3,Q3,2023,False,2023,3
20230726,2023-07-26,26,Wednesday,30,7,July,3,Q3,2023,False,2023,3
20230727,2023-07-27,27,Thursday,30,7,July,3,Q3,2023,False,2023,3
20230728,2023-07-28,28,Friday,30,7,July,3,Q3,2023,False,2023,3
20230729,2023-07-29,29,Saturday,30,7,July,3,Q3,2023,True,2023,3
20230730,2023-07-30,30,Sunday,30,7,July,3,Q3,2023,True,2023,3
20230731,2023-07-31,31,Monday,31,7,July,3,Q3,2023,False,2023,3
20230801,2023-08-01,1,Tuesday,31,8,August,3,Q3,2023,False,2023,3
20230802,2023-08-02,2,Wednesday,31,8,August,3,Q3,2023,False,2023,3
20230803,2023-08-03,3,Thursday,31,8,August,3,Q3,2023,False,2023,3
20230804,2023-08-04,4,Friday,31,8,August,3,Q3,2023,False,2023,3
20230805,2023-08-05,5,Saturday,31,8,August,3,Q3,2023,True,2023,3
20230806,2023-08-06,6,Sunday,31,8,August,3,Q3,2023,True,2023,3
20230807,2023-08-07,7,Monday,32,8,August,3,Q3,2023,False,2023,3
20230808,2023-08-08,8,Tuesday,32,8,August,3,Q3,2023,False,2023,3
20230809,2023-08-09,9,Wednesday,32,8,August,3,Q3,2023,False,2023,3
20230810,2023-08-10,10,Thursday,32,8,August,3,Q3,2023,False,2023,3
20230811,2023-08-11,11,Friday,32,8,August,3,Q3,2023,False,2023,3
20230812,2023-08-12,12,Saturday,32,8,August,3,Q3,2023,True,2023,3
20230813,2023-08-13,13,Sunday,32,8,August,3,Q3,2023,True,2023,3
20230814,2023-08-14,14,Monday,33,8,August,3,Q3,2023,False,2023,3
20230815,2023-08-15,15,Tuesday,33,8,August,3,Q3,2023,False,2023,3
20230816,2023-08-16,16,Wednesday,33,8,August,3,Q3,2023,False,2023,3
20230817,2023-08-17,17,Thursday,33,8,August,3,Q3,2023,False,2023,3
20230818,2023-08-18,18,Friday,33,8,August,3,Q3,2023,False,2023,3
20230819,2023-08-19,19,Saturday,33,8,August,3,Q3,2023,True,2023,3
20230820,2023-08-20,20,Sunday,33,8,August,3,Q3,2023,True,2023,3
20230821,2023-08-21,21,Monday,34,8,August,3,Q3,2023,False,2023,3
20230822,2023-08-22,22,Tuesday,34,8,August,3,Q3,2023,False,2023,3
20230823,2023-08-23,23,Wednesday,34,8,August,3,Q3,2023,False,2023,3
20230824,2023-08-24,24,Thursday,34,8,August,3,Q3,2023,False,2023,3
20230825,2023-08-25,25,Friday,34,8,August,3,Q3,2023,False,2023,3
20230826,2023-08-26,26,Saturday,34,8,August,3,Q3,2023,True,2023,3
20230827,2023-08-27,27,Sunday,34,8,August,3,Q3,2023,True,2023,3
20230828,2023-08-28,28,Monday,35,8,August,3,Q3,2023,False,2023,3
20230829,2023-08-29,29,Tuesday,35,8,August,3,Q3,2023,False,2023,3
20230830,2023-08-30,30,Wednesday,35,8,August,3,Q3,2023,False,2023,3
20230831,2023-08-31,31,Thursday,35,8,August,3,Q3,2023,False,2023,3
20230901,2023-09-01,1,Friday,35,9,September,3,Q3,2023,False,2023,3
20230902,2023-09-02,2,Saturday,35,9,September,3,Q3,2023,True,2023,3
20230903,2023-09-03,3,Sunday,35,9,September,3,Q3,2023,True,2023,3
20230904,2023-09-04,4,Monday,36,9,September,3,Q3,2023,False,2023,3
20230905,2023-09-05,5,Tuesday,36,9,September,3,Q3,2023,False,2023,3
20230906,2023-09-06,6,Wednesday,36,9,September,3,Q3,2023,False,2023,3
20230907,2023-09-07,7,Thursday,36,9,September,3,Q3,2023,False,2023,3
20230908,2023-09-08,8,Friday,36,9,September,3,Q3,2023,False,2023,3
20230909,2023-09-09,9,Saturday,36,9,September,3,Q3,2023,True,2023,3
20230910,2023-09-10,10,Sunday,36,9,September,3,Q3,2023,True,2023,3
20230911,2023-09-11,11,Monday,37,9,September,3,Q3,2023,False,2023,3
20230912,2023-09-12,12,Tuesday,37,9,September,3,Q3,2023,False,2023,3
20230913,2023-09-13,13,Wednesday,37,9,September,3,Q3,2023,False,2023,3
20230914,2023-09-14,14,Thursday,37,9,September,3,Q3,2023,False,2023,3
20230915,2023-09-15,15,Friday,37,9,September,3,Q3,2023,False,2023,3
20230916,2023-09-16,16,Saturday,37,9,September,3,Q3,2023,True,2023,3
20230917,2023-09-17,17,Sunday,37,9,September,3,Q3,2023,True,2023,3
20230918,2023-09-18,18,Monday,38,9,September,3,Q3,2023,False,2023,3
20230919,2023-09-19,19,Tuesday,38,9,September,3,Q3,2023,False,2023,3
20230920,2023-09-20,20,Wednesday,38,9,September,3,Q3,2023,False,2023,3
20230921,2023-09-21,21,Thursday,38,9,September,3,Q3,2023,False,2023,3
20230922,2023-09-22,22,Friday,38,9,September,3,Q3,2023,False,2023,3
20230923,2023-09-23,23,Saturday,38,9,September,3,Q3,2023,True,2023,3
20230924,2023-09-24,24,Sunday,38,9,September,3,Q3,2023,True,2023,3
20230925,2023-09-25,25,Monday,39,9,September,3,Q3,2023,False,2023,3
20230926,2023-09-26,26,Tuesday,39,9,September,3,Q3,2023,False,2023,3
20230927,2023-09-27,27,Wednesday,39,9,September,3,Q3,2023,False,2023,3
20230928,2023-09-28,28,Thursday,39,9,September,3,Q3,2023,False,2023,3
20230929,2023-09-29,29,Friday,39,9,September,3,Q3,2023,False,2023,3
20230930,2023-09-30,30,Saturday,39,9,September,3,Q3,2023,True,2023,3
20231001,2023-10-01,1,Sunday,39,10,October,4,Q4,2023,True,2024,4
20231002,2023-10-02,2,Monday,40,10,October,4,Q4,2023,False,2024,4
20231003,2023-10-03,3,Tuesday,40,10,October,4,Q4,2023,False,2024,4
20231004,2023-10-04,4,Wednesday,40,10,October,4,Q4,2023,False,2024,4
20231005,2023-10-05,5,Thursday,40,10,October,4,Q4,2023,False,2024,4
20231006,2023-10-06,6,Friday,40,10,October,4,Q4,2023,False,2024,4
20231007,2023-10-07,7,Saturday,40,10,October,4,Q4,2023,True,2024,4
20231008,2023-10-08,8,Sunday,40,10,October,4,Q4,2023,True,2024,4
20231009,2023-10-09,9,Monday,41,10,October,4,Q4,2023,False,2024,4
20231010,2023-10-10,10,Tuesday,41,10,October,4,Q4,2023,False,2024,4
20231011,2023-10-11,11,Wednesday,41,10,October,4,Q4,2023,False,2024,4
20231012,2023-10-12,12,Thursday,41,10,October,4,Q4,2023,False,2024,4
20231013,2023-10-13,13,Friday,41,10,October,4,Q4,2023,False,2024,4
20231014,2023-10-14,14,Saturday,41,10,October,4,Q4,2023,True,2024,4
20231015,2023-10-15,15,Sunday,41,10,October,4,Q4,2023,True,2024,4
20231016,2023-10-16,16,Monday,42,10,October,4,Q4,2023,False,2024,4
20231017,2023-10-17,17,Tuesday,42,10,October,4,Q4,2023,False,2024,4
20231018,2023-10-18,18,Wednesday,42,10,October,4,Q4,2023,False,2024,4
20231019,2023-10-19,19,Thursday,42,10,October,4,Q4,2023,False,2024,4
20231020,2023-10-20,20,Friday,42,10,October,4,Q4,2023,False,2024,4
20231021,2023-10-21,21,Saturday,42,10,October,4,Q4,2023,True,2024,4
20231022,2023-10-22,22,Sunday,42,10,October,4,Q4,2023,True,2024,4
20231023,2023-10-23,23,Monday,43,10,October,4,Q4,2023,False,2024,4
20231024,2023-10-24,24,Tuesday,43,10,October,4,Q4,2023,False,2024,4
20231025,2023-10-25,25,Wednesday,43,10,October,4,Q4,2023,False,2024,4
20231026,2023-10-26,26,Thursday,43,10,October,4,Q4,2023,False,2024,4
20231027,2023-10-27,27,Friday,43,10,October,4,Q4,2023,False,2024,4
20231028,2023-10-28,28,Saturday,43,10,October,4,Q4,2023,True,2024,4
20231029,2023-10-29,29,Sunday,43,10,October,4,Q4,2023,True,2024,4
20231030,2023-10-30,30,Monday,44,10,October,4,Q4,2023,False,2024,4
20231031,2023-10-31,31,Tuesday,44,10,October,4,Q4,2023,False,2024,4
20231101,2023-11-01,1,Wednesday,44,11,November,4,Q4,2023,False,2024,4
20231102,2023-11-02,2,Thursday,44,11,November,4,Q4,2023,False,2024,4
20231103,2023-11-03,3,Friday,44,11,November,4,Q4,2023,False,2024,4
20231104,2023-11-04,4,Saturday,44,11,November,4,Q4,2023,True,2024,4
20231105,2023-11-05,5,Sunday,44,11,November,4,Q4,2023,True,2024,4
20231106,2023-11-06,6,Monday,45,11,November,4,Q4,2023,False,2024,4
20231107,2023-11-07,7,Tuesday,45,11,November,4,Q4,2023,False,2024,4
20231108,2023-11-08,8,Wednesday,45,11,November,4,Q4,2023,False,2024,4
20231109,2023-11-09,9,Thursday,45,11,November,4,Q4,2023,False,2024,4
20231110,2023-11-10,10,Friday,45,11,November,4,Q4,2023,False,2024,4
20231111,2023-11-11,11,Saturday,45,11,November,4,Q4,2023,True,2024,4
20231112,2023-11-12,12,Sunday,45,11,November,4,Q4,2023,True,2024,4
20231113,2023-11-13,13,Monday,46,11,November,4,Q4,2023,False,2024,4
20231114,2023-11-14,14,Tuesday,46,11,November,4,Q4,2023,False,2024,4
20231115,2023-11-15,15,Wednesday,46,11,November,4,Q4,2023,False,2024,4
20231116,2023-11-16,16,Thursday,46,11,November,4,Q4,2023,False,2024,4
20231117,2023-11-17,17,Friday,46,11,November,4,Q4,2023,False,2024,4
20231118,2023-11-18,18,Saturday,46,11,November,4,Q4,2023,True,2024,4
20231119,2023-11-19,19,Sunday,46,11,November,4,Q4,2023,True,2024,4
20231120,2023-11-20,20,Monday,47,11,November,4,Q4,2023,False,2024,4
20231121,2023-11-21,21,Tuesday,47,11,November,4,Q4,2023,False,2024,4
20231122,2023-11-22,22,Wednesday,47,11,November,4,Q4,2023,False,2024,4
20231123,2023-11-23,23,Thursday,47,11,November,4,Q4,2023,False,2024,4
20231124,2023-11-24,24,Friday,47,11,November,4,Q4,2023,False,2024,4
20231125,2023-11-25,25,Saturday,47,11,November,4,Q4,2023,True,2024,4
20231126,2023-11-26,26,Sunday,47,11,November,4,Q4,2023,True,2024,4
20231127,2023-11-27,27,Monday,48,11,November,4,Q4,2023,False,2024,4
20231128,2023-11-28,28,Tuesday,48,11,November,4,Q4,2023,False,2024,4
20231129,2023-11-29,29,Wednesday,48,11,November,4,Q4,2023,False,2024,4
20231130,2023-11-30,30,Thursday,48,11,November,4,Q4,2023,False,2024,4
20231201,2023-12-01,1,Friday,48,12,December,4,Q4,2023,False,2024,4
20231202,2023-12-02,2,Saturday,48,12,December,4,Q4,2023,True,2024,4
20231203,2023-12-03,3,Sunday,48,12,December,4,Q4,2023,True,2024,4
20231204,2023-12-04,4,Monday,49,12,December,4,Q4,2023,False,2024,4
20231205,2023-12-05,5,Tuesday,49,12,December,4,Q4,2023,False,2024,4
20231206,2023-12-06,6,Wednesday,49,12,December,4,Q4,2023,False,2024,4
20231207,2023-12-07,7,Thursday,49,12,December,4,Q4,2023,False,2024,4
20231208,2023-12-08,8,Friday,49,12,December,4,Q4,2023,False,2024,4
20231209,2023-12-09,9,Saturday,49,12,December,4,Q4,2023,True,2024,4
20231210,2023-12-10,10,Sunday,49,12,December,4,Q4,2023,True,2024,4
20231211,2023-12-11,11,Monday,50,12,December,4,Q4,2023,False,2024,4
20231212,2023-12-12,12,Tuesday,50,12,December,4,Q4,2023,False,2024,4
20231213,2023-12-13,13,Wednesday,50,12,December,4,Q4,2023,False,2024,4
20231214,2023-12-14,14,Thursday,50,12,December,4,Q4,2023,False,2024,4
20231215,2023-12-15,15,Friday,50,12,December,4,Q4,2023,False,2024,4
20231216,2023-12-16,16,Saturday,50,12,December,4,Q4,2023,True,2024,4
20231217,2023-12-17,17,Sunday,50,12,December,4,Q4,2023,True,2024,4
20231218,2023-12-18,18,Monday,51,12,December,4,Q4,2023,False,2024,4
20231219,2023-12-19,19,Tuesday,51,12,December,4,Q4,2023,False,2024,4
20231220,2023-12-20,20,Wednesday,51,12,December,4,Q4,2023,False,2024,4
20231221,2023-12-21,21,Thursday,51,12,December,4,Q4,2023,False,2024,4
20231222,2023-12-22,22,Friday,51,12,December,4,Q4,2023,False,2024,4
20231223,2023-12-23,23,Saturday,51,12,December,4,Q4,2023,True,2024,4
20231224,2023-12-24,24,Sunday,51,12,December,4,Q4,2023,True,2024,4
20231225,2023-12-25,25,Monday,52,12,December,4,Q4,2023,False,2024,4
20231226,2023-12-26,26,Tuesday,52,12,December,4,Q4,2023,False,2024,4
20231227,2023-12-27,27,Wednesday,52,12,December,4,Q4,2023,False,2024,4
20231228,2023-12-28,28,Thursday,52,12,December,4,Q4,2023,False,2024,4
20231229,2023-12-29,29,Friday,52,12,December,4,Q4,2023,False,2024,4
20231230,2023-12-30,30,Saturday,52,12,December,4,Q4,2023,True,2024,4
20231231,2023-12-31,31,Sunday,52,12,December,4,Q4,2023,True,2024,4
20240101,2024-01-01,1,Monday,1,1,January,1,Q1,2024,False,2024,1
20240102,2024-01-02,2,Tuesday,1,1,January,1,Q1,2024,False,2024,1
20240103,2024-01-03,3,Wednesday,1,1,January,1,Q1,2024,False,2024,1
20240104,2024-01-04,4,Thursday,1,1,January,1,Q1,2024,False,2024,1
20240105,2024-01-05,5,Friday,1,1,January,1,Q1,2024,False,2024,1
20240106,2024-01-06,6,Saturday,1,1,January,1,Q1,2024,True,2024,1
20240107,2024-01-07,7,Sunday,1,1,January,1,Q1,2024,True,2024,1
20240108,2024-01-08,8,Monday,2,1,January,1,Q1,2024,False,2024,1
20240109,2024-01-09,9,Tuesday,2,1,January,1,Q1,2024,False,2024,1
20240110,2024-01-10,10,Wednesday,2,1,January,1,Q1,2024,False,2024,1
20240111,2024-01-11,11,Thursday,2,1,January,1,Q1,2024,False,2024,1
20240112,2024-01-12,12,Friday,2,1,January,1,Q1,2024,False,2024,1
20240113,2024-01-13,13,Saturday,2,1,January,1,Q1,2024,True,2024,1
20240114,2024-01-14,14,Sunday,2,1,January,1,Q1,2024,True,2024,1
20240115,2024-01-15,15,Monday,3,1,January,1,Q1,2024,False,2024,1
20240116,2024-01-16,16,Tuesday,3,1,January,1,Q1,2024,False,2024,1
20240117,2024-01-17,17,Wednesday,3,1,January,1,Q1,2024,False,2024,1
20240118,2024-01-18,18,Thursday,3,1,January,1,Q1,2024,False,2024,1
20240119,2024-01-19,19,Friday,3,1,January,1,Q1,2024,False,2024,1
20240120,2024-01-20,20,Saturday,3,1,January,1,Q1,2024,True,2024,1
20240121,2024-01-21,21,Sunday,3,1,January,1,Q1,2024,True,2024,1
20240122,2024-01-22,22,Monday,4,1,January,1,Q1,2024,False,2024,1
20240123,2024-01-23,23,Tuesday,4,1,January,1,Q1,2024,False,2024,1
20240124,2024-01-24,24,Wednesday,4,1,January,1,Q1,2024,False,2024,1
20240125,2024-01-25,25,Thursday,4,1,January,1,Q1,2024,False,2024,1
20240126,2024-01-26,26,Friday,4,1,January,1,Q1,2024,False,2024,1
20240127,2024-01-27,27,Saturday,4,1,January,1,Q1,2024,True,2024,1
20240128,2024-01-28,28,Sunday,4,1,January,1,Q1,2024,True,2024,1
20240129,2024-01-29,29,Monday,5,1,January,1,Q1,2024,False,2024,1
20240130,2024-01-30,30,Tuesday,5,1,January,1,Q1,2024,False,2024,1
20240131,2024-01-31,31,Wednesday,5,1,January,1,Q1,2024,False,2024,1
20240201,2024-02-01,1,Thursday,5,2,February,1,Q1,2024,False,2024,1
20240202,2024-02-02,2,Friday,5,2,February,1,Q1,2024,False,2024,1
20240203,2024-02-03,3,Saturday,5,2,February,1,Q1,2024,True,2024,1
20240204,2024-02-04,4,Sunday,5,2,February,1,Q1,2024,True,2024,1
20240205,2024-02-05,5,Monday,6,2,February,1,Q1,2024,False,2024,1
20240206,2024-02-06,6,Tuesday,6,2,February,1,Q1,2024,False,2024,1
20240207,2024-02-07,7,Wednesday,6,2,February,1,Q1,2024,False,2024,1
20240208,2024-02-08,8,Thursday,6,2,February,1,Q1,2024,False,2024,1
20240209,2024-02-09,9,Friday,6,2,February,1,Q1,2024,False,2024,1
20240210,2024-02-10,10,Saturday,6,2,February,1,Q1,2024,True,2024,1
20240211,2024-02-11,11,Sunday,6,2,February,1,Q1,2024,True,2024,1
20240212,2024-02-12,12,Monday,7,2,February,1,Q1,2024,False,2024,1
20240213,2024-02-13,13,Tuesday,7,2,February,1,Q1,2024,False,2024,1
20240214,2024-02-14,14,Wednesday,7,2,February,1,Q1,2024,False,2024,1
20240215,2024-02-15,15,Thursday,7,2,February,1,Q1,2024,False,2024,1
20240216,2024-02-16,16,Friday,7,2,February,1,Q1,2024,False,2024,1
20240217,2024-02-17,17,Saturday,7,2,February,1,Q1,2024,True,2024,1
20240218,2024-02-18,18,Sunday,7,2,February,1,Q1,2024,True,2024,1
20240219,2024-02-19,19,Monday,8,2,February,1,Q1,2024,False,2024,1
20240220,2024-02-20,20,Tuesday,8,2,February,1,Q1,2024,False,2024,1
20240221,2024-02-21,21,Wednesday,8,2,February,1,Q1,2024,False,2024,1
20240222,2024-02-22,22,Thursday,8,2,February,1,Q1,2024,False,2024,1
20240223,2024-02-23,23,Friday,8,2,February,1,Q1,2024,False,2024,1
20240224,2024-02-24,24,Saturday,8,2,February,1,Q1,2024,True,2024,1
20240225,2024-02-25,25,Sunday,8,2,February,1,Q1,2024,True,2024,1
20240226,2024-02-26,26,Monday,9,2,February,1,Q1,2024,False,2024,1
20240227,2024-02-27,27,Tuesday,9,2,February,1,Q1,2024,False,2024,1
20240228,2024-02-28,28,Wednesday,9,2,February,1,Q1,2024,False,2024,1
20240229,2024-02-29,29,Thursday,9,2,February,1,Q1,2024,False,2024,1
20240301,2024-03-01,1,Friday,9,3,March,1,Q1,2024,False,2024,1
20240302,2024-03-02,2,Saturday,9,3,March,1,Q1,2024,True,2024,1
20240303,2024-03-03,3,Sunday,9,3,March,1,Q1,2024,True,2024,1
20240304,2024-03-04,4,Monday,10,3,March,1,Q1,2024,False,2024,1
20240305,2024-03-05,5,Tuesday,10,3,March,1,Q1,2024,False,2024,1
20240306,2024-03-06,6,Wednesday,10,3,March,1,Q1,2024,False,2024,1
20240307,2024-03-07,7,Thursday,10,3,March,1,Q1,2024,False,2024,1
20240308,2024-03-08,8,Friday,10,3,March,1,Q1,2024,False,2024,1
20240309,2024-03-09,9,Saturday,10,3,March,1,Q1,2024,True,2024,1
20240310,2024-03-10,10,Sunday,10,3,March,1,Q1,2024,True,2024,1
20240311,2024-03-11,11,Monday,11,3,March,1,Q1,2024,False,2024,1
20240312,2024-03-12,12,Tuesday,11,3,March,1,Q1,2024,False,2024,1
20240313,2024-03-13,13,Wednesday,11,3,March,1,Q1,2024,False,2024,1
20240314,2024-03-14,14,Thursday,11,3,March,1,Q1,2024,False,2024,1
20240315,2024-03-15,15,Friday,11,3,March,1,Q1,2024,False,2024,1
20240316,2024-03-16,16,Saturday,11,3,March,1,Q1,2024,True,2024,1
20240317,2024-03-17,17,Sunday,11,3,March,1,Q1,2024,True,2024,1
20240318,2024-03-18,18,Monday,12,3,March,1,Q1,2024,False,2024,1
20240319,2024-03-19,19,Tuesday,12,3,March,1,Q1,2024,False,2024,1
20240320,2024-03-20,20,Wednesday,12,3,March,1,Q1,2024,False,2024,1
20240321,2024-03-21,21,Thursday,12,3,March,1,Q1,2024,False,2024,1
20240322,2024-03-22,22,Friday,12,3,March,1,Q1,2024,False,2024,1
20240323,2024-03-23,23,Saturday,12,3,March,1,Q1,2024,True,2024,1
20240324,2024-03-24,24,Sunday,12,3,March,1,Q1,2024,True,2024,1
20240325,2024-03-25,25,Monday,13,3,March,1,Q1,2024,False,2024,1
20240326,2024-03-26,26,Tuesday,13,3,March,1,Q1,2024,False,2024,1
20240327,2024-03-27,27,Wednesday,13,3,March,1,Q1,2024,False,2024,1
20240328,2024-03-28,28,Thursday,13,3,March,1,Q1,2024,False,2024,1
20240329,2024-03-29,29,Friday,13,3,March,1,Q1,2024,False,2024,1
20240330,2024-03-30,30,Saturday,13,3,March,1,Q1,2024,True,2024,1
20240331,2024-03-31,31,Sunday,13,3,March,1,Q1,2024,True,2024,1
20240401,2024-04-01,1,Monday,14,4,April,2,Q2,2024,False,2024,2
20240402,2024-04-02,2,Tuesday,14,4,April,2,Q2,2024,False,2024,2
20240403,2024-04-03,3,Wednesday,14,4,April,2,Q2,2024,False,2024,2
20240404,2024-04-04,4,Thursday,14,4,April,2,Q2,2024,False,2024,2
20240405,2024-04-05,5,Friday,14,4,April,2,Q2,2024,False,2024,2
20240406,2024-04-06,6,Saturday,14,4,April,2,Q2,2024,True,2024,2
20240407,2024-04-07,7,Sunday,14,4,April,2,Q2,2024,True,2024,2
20240408,2024-04-08,8,Monday,15,4,April,2,Q2,2024,False,2024,2
20240409,2024-04-09,9,Tuesday,15,4,April,2,Q2,2024,False,2024,2
20240410,2024-04-10,10,Wednesday,15,4,April,2,Q2,2024,False,2024,2
20240411,2024-04-11,11,Thursday,15,4,April,2,Q2,2024,False,2024,2
20240412,2024-04-12,12,Friday,15,4,April,2,Q2,2024,False,2024,2
20240413,2024-04-13,13,Saturday,15,4,April,2,Q2,2024,True,2024,2
20240414,2024-04-14,14,Sunday,15,4,April,2,Q2,2024,True,2024,2
20240415,2024-04-15,15,Monday,16,4,April,2,Q2,2024,False,2024,2
20240416,2024-04-16,16,Tuesday,16,4,April,2,Q2,2024,False,2024,2
20240417,2024-04-17,17,Wednesday,16,4,April,2,Q2,2024,False,2024,2
20240418,2024-04-18,18,Thursday,16,4,April,2,Q2,2024,False,2024,2
20240419,2024-04-19,19,Friday,16,4,April,2,Q2,2024,False,2024,2
20240420,2024-04-20,20,Saturday,16,4,April,2,Q2,2024,True,2024,2
20240421,2024-04-21,21,Sunday,16,4,April,2,Q2,2024,True,2024,2
20240422,2024-04-22,22,Monday,17,4,April,2,Q2,2024,False,2024,2
20240423,2024-04-23,23,Tuesday,17,4,April,2,Q2,2024,False,2024,2
20240424,2024-04-24,24,Wednesday,17,4,April,2,Q2,2024,False,2024,2
20240425,2024-04-25,25,Thursday,17,4,April,2,Q2,2024,False,2024,2
20240426,2024-04-26,26,Friday,17,4,April,2,Q2,2024,False,2024,2
20240427,2024-04-27,27,Saturday,17,4,April,2,Q2,2024,True,2024,2
20240428,2024-04-28,28,Sunday,17,4,April,2,Q2,2024,True,2024,2
20240429,2024-04-29,29,Monday,18,4,April,2,Q2,2024,False,2024,2
20240430,2024-04-30,30,Tuesday,18,4,April,2,Q2,2024,False,2024,2
20240501,2024-05-01,1,Wednesday,18,5,May,2,Q2,2024,False,2024,2
20240502,2024-05-02,2,Thursday,18,5,May,2,Q2,2024,False,2024,2
20240503,2024-05-03,3,Friday,18,5,May,2,Q2,2024,False,2024,2
20240504,2024-05-04,4,Saturday,18,5,May,2,Q2,2024,True,2024,2
20240505,2024-05-05,5,Sunday,18,5,May,2,Q2,2024,True,2024,2
20240506,2024-05-06,6,Monday,19,5,May,2,Q2,2024,False,2024,2
20240507,2024-05-07,7,Tuesday,19,5,May,2,Q2,2024,False,2024,2
20240508,2024-05-08,8,Wednesday,19,5,May,2,Q2,2024,False,2024,2
20240509,2024-05-09,9,Thursday,19,5,May,2,Q2,2024,False,2024,2
20240510,2024-05-10,10,Friday,19,5,May,2,Q2,2024,False,2024,2
20240511,2024-05-11,11,Saturday,19,5,May,2,Q2,2024,True,2024,2
20240512,2024-05-12,12,Sunday,19,5,May,2,Q2,2024,True,2024,2
20240513,2024-05-13,13,Monday,20,5,May,2,Q2,2024,False,2024,2
20240514,2024-05-14,14,Tuesday,20,5,May,2,Q2,2024,False,2024,2
20240515,2024-05-15,15,Wednesday,20,5,May,2,Q2,2024,False,2024,2
20240516,2024-05-16,16,Thursday,20,5,May,2,Q2,2024,False,2024,2
20240517,2024-05-17,17,Friday,20,5,May,2,Q2,2024,False,2024,2
20240518,2024-05-18,18,Saturday,20,5,May,2,Q2,2024,True,2024,2
20240519,2024-05-19,19,Sunday,20,5,May,2,Q2,2024,True,2024,2
20240520,2024-05-20,20,Monday,21,5,May,2,Q2,2024,False,2024,2
20240521,2024-05-21,21,Tuesday,21,5,May,2,Q2,2024,False,2024,2
20240522,2024-05-22,22,Wednesday,21,5,May,2,Q2,2024,False,2024,2
20240523,2024-05-23,23,Thursday,21,5,May,2,Q2,2024,False,2024,2
20240524,2024-05-24,24,Friday,21,5,May,2,Q2,2024,False,2024,2
20240525,2024-05-25,25,Saturday,21,5,May,2,Q2,2024,True,2024,2
20240526,2024-05-26,26,Sunday,21,5,May,2,Q2,2024,True,2024,2
20240527,2024-05-27,27,Monday,22,5,May,2,Q2,2024,False,2024,2
20240528,2024-05-28,28,Tuesday,22,5,May,2,Q2,2024,False,2024,2
20240529,2024-05-29,29,Wednesday,22,5,May,2,Q2,2024,False,2024,2
20240530,2024-05-30,30,Thursday,22,5,May,2,Q2,2024,False,2024,2
20240531,2024-05-31,31,Friday,22,5,May,2,Q2,2024,False,2024,2
20240601,2024-06-01,1,Saturday,22,6,June,2,Q2,2024,True,2024,2
20240602,2024-06-02,2,Sunday,22,6,June,2,Q2,2024,True,2024,2
20240603,2024-06-03,3,Monday,23,6,June,2,Q2,2024,False,2024,2
20240604,2024-06-04,4,Tuesday,23,6,June,2,Q2,2024,False,2024,2
20240605,2024-06-05,5,Wednesday,23,6,June,2,Q2,2024,False,2024,2
20240606,2024-06-06,6,Thursday,23,6,June,2,Q2,2024,False,2024,2
20240607,2024-06-07,7,Friday,23,6,June,2,Q2,2024,False,2024,2
20240608,2024-06-08,8,Saturday,23,6,June,2,Q2,2024,True,2024,2
20240609,2024-06-09,9,Sunday,23,6,June,2,Q2,2024,True,2024,2
20240610,2024-06-10,10,Monday,24,6,June,2,Q2,2024,False,2024,2
20240611,2024-06-11,11,Tuesday,24,6,June,2,Q2,2024,False,2024,2
20240612,2024-06-12,12,Wednesday,24,6,June,2,Q2,2024,False,2024,2
20240613,2024-06-13,13,Thursday,24,6,June,2,Q2,2024,False,2024,2
20240614,2024-06-14,14,Friday,24,6,June,2,Q2,2024,False,2024,2
20240615,2024-06-15,15,Saturday,24,6,June,2,Q2,2024,True,2024,2
20240616,2024-06-16,16,Sunday,24,6,June,2,Q2,2024,True,2024,2
20240617,2024-06-17,17,Monday,25,6,June,2,Q2,2024,False,2024,2
20240618,2024-06-18,18,Tuesday,25,6,June,2,Q2,2024,False,2024,2
20240619,2024-06-19,19,Wednesday,25,6,June,2,Q2,2024,False,2024,2
20240620,2024-06-20,20,Thursday,25,6,June,2,Q2,2024,False,2024,2
20240621,2024-06-21,21,Friday,25,6,June,2,Q2,2024,False,2024,2
20240622,2024-06-22,22,Saturday,25,6,June,2,Q2,2024,True,2024,2
20240623,2024-06-23,23,Sunday,25,6,June,2,Q2,2024,True,2024,2
20240624,2024-06-24,24,Monday,26,6,June,2,Q2,2024,False,2024,2
20240625,2024-06-25,25,Tuesday,26,6,June,2,Q2,2024,False,2024,2
20240626,2024-06-26,26,Wednesday,26,6,June,2,Q2,2024,False,2024,2
20240627,2024-06-27,27,Thursday,26,6,June,2,Q2,2024,False,2024,2
20240628,2024-06-28,28,Friday,26,6,June,2,Q2,2024,False,2024,2
20240629,2024-06-29,29,Saturday,26,6,June,2,Q2,2024,True,2024,2
20240630,2024-06-30,30,Sunday,26,6,June,2,Q2,2024,True,2024,2
20240701,2024-07-01,1,Monday,27,7,July,3,Q3,2024,False,2024,3
20240702,2024-07-02,2,Tuesday,27,7,July,3,Q3,2024,False,2024,3
20240703,2024-07-03,3,Wednesday,27,7,July,3,Q3,2024,False,2024,3
20240704,2024-07-04,4,Thursday,27,7,July,3,Q3,2024,False,2024,3
20240705,2024-07-05,5,Friday,27,7,July,3,Q3,2024,False,2024,3
20240706,2024-07-06,6,Saturday,27,7,July,3,Q3,2024,True,2024,3
20240707,2024-07-07,7,Sunday,27,7,July,3,Q3,2024,True,2024,3
20240708,2024-07-08,8,Monday,28,7,July,3,Q3,2024,False,2024,3
20240709,2024-07-09,9,Tuesday,28,7,July,3,Q3,2024,False,2024,3
20240710,2024-07-10,10,Wednesday,28,7,July,3,Q3,2024,False,2024,3
20240711,2024-07-11,11,Thursday,28,7,July,3,Q3,2024,False,2024,3
20240712,2024-07-12,12,Friday,28,7,July,3,Q3,2024,False,2024,3
20240713,2024-07-13,13,Saturday,28,7,July,3,Q3,2024,True,2024,3
20240714,2024-07-14,14,Sunday,28,7,July,3,Q3,2024,True,2024,3
20240715,2024-07-15,15,Monday,29,7,July,3,Q3,2024,False,2024,3
20240716,2024-07-16,16,Tuesday,29,7,July,3,Q3,2024,False,2024,3
20240717,2024-07-17,17,Wednesday,29,7,July,3,Q3,2024,False,2024,3
20240718,2024-07-18,18,Thursday,29,7,July,3,Q3,2024,False,2024,3
20240719,2024-07-19,19,Friday,29,7,July,3,Q3,2024,False,2024,3
20240720,2024-07-20,20,Saturday,29,7,July,3,Q3,2024,True,2024,3
20240721,2024-07-21,21,Sunday,29,7,July,3,Q3,2024,True,2024,3
20240722,2024-07-22,22,Monday,30,7,July,3,Q3,2024,False,2024,3
20240723,2024-07-23,23,Tuesday,30,7,July,3,Q3,2024,False,2024,3
20240724,2024-07-24,24,Wednesday,30,7,July,3,Q3,2024,False,2024,3
20240725,2024-07-25,25,Thursday,30,7,July,3,Q3,2024,False,2024,3
20240726,2024-07-26,26,Friday,30,7,July,3,Q3,2024,False,2024,3
20240727,2024-07-27,27,Saturday,30,7,July,3,Q3,2024,True,2024,3
20240728,2024-07-28,28,Sunday,30,7,July,3,Q3,2024,True,2024,3
20240729,2024-07-29,29,Monday,31,7,July,3,Q3,2024,False,2024,3
20240730,2024-07-30,30,Tuesday,31,7,July,3,Q3,2024,False,2024,3
20240731,2024-07-31,31,Wednesday,31,7,July,3,Q3,2024,False,2024,3
20240801,2024-08-01,1,Thursday,31,8,August,3,Q3,2024,False,2024,3
20240802,2024-08-02,2,Friday,31,8,August,3,Q3,2024,False,2024,3
20240803,2024-08-03,3,Saturday,31,8,August,3,Q3,2024,True,2024,3
20240804,2024-08-04,4,Sunday,31,8,August,3,Q3,2024,True,2024,3
20240805,2024-08-05,5,Monday,32,8,August,3,Q3,2024,False,2024,3
20240806,2024-08-06,6,Tuesday,32,8,August,3,Q3,2024,False,2024,3
20240807,2024-08-07,7,Wednesday,32,8,August,3,Q3,2024,False,2024,3
20240808,2024-08-08,8,Thursday,32,8,August,3,Q3,2024,False,2024,3
20240809,2024-08-09,9,Friday,32,8,August,3,Q3,2024,False,2024,3
20240810,2024-08-10,10,Saturday,32,8,August,3,Q3,2024,True,2024,3
20240811,2024-08-11,11,Sunday,32,8,August,3,Q3,2024,True,2024,3
20240812,2024-08-12,12,Monday,33,8,August,3,Q3,2024,False,2024,3
20240813,2024-08-13,13,Tuesday,33,8,August,3,Q3,2024,False,2024,3
20240814,2024-08-14,14,Wednesday,33,8,August,3,Q3,2024,False,2024,3
20240815,2024-08-15,15,Thursday,33,8,August,3,Q3,2024,False,2024,3
20240816,2024-08-16,16,Friday,33,8,August,3,Q3,2024,False,2024,3
20240817,2024-08-17,17,Saturday,33,8,August,3,Q3,2024,True,2024,3
20240818,2024-08-18,18,Sunday,33,8,August,3,Q3,2024,True,2024,3
20240819,2024-08-19,19,Monday,34,8,August,3,Q3,2024,False,2024,3
20240820,2024-08-20,20,Tuesday,34,8,August,3,Q3,2024,False,2024,3
20240821,2024-08-21,21,Wednesday,34,8,August,3,Q3,2024,False,2024,3
20240822,2024-08-22,22,Thursday,34,8,August,3,Q3,2024,False,2024,3
20240823,2024-08-23,23,Friday,34,8,August,3,Q3,2024,False,2024,3
20240824,2024-08-24,24,Saturday,34,8,August,3,Q3,2024,True,2024,3
20240825,2024-08-25,25,Sunday,34,8,August,3,Q3,2024,True,2024,3
20240826,2024-08-26,26,Monday,35,8,August,3,Q3,2024,False,2024,3
20240827,2024-08-27,27,Tuesday,35,8,August,3,Q3,2024,False,2024,3
20240828,2024-08-28,28,Wednesday,35,8,August,3,Q3,2024,False,2024,3
20240829,2024-08-29,29,Thursday,35,8,August,3,Q3,2024,False,2024,3
20240830,2024-08-30,30,Friday,35,8,August,3,Q3,2024,False,2024,3
20240831,2024-08-31,31,Saturday,35,8,August,3,Q3,2024,True,2024,3
20240901,2024-09-01,1,Sunday,35,9,September,3,Q3,2024,True,2024,3
20240902,2024-09-02,2,Monday,36,9,September,3,Q3,2024,False,2024,3
20240903,2024-09-03,3,Tuesday,36,9,September,3,Q3,2024,False,2024,3
20240904,2024-09-04,4,Wednesday,36,9,September,3,Q3,2024,False,2024,3
20240905,2024-09-05,5,Thursday,36,9,September,3,Q3,2024,False,2024,3
20240906,2024-09-06,6,Friday,36,9,September,3,Q3,2024,False,2024,3
20240907,2024-09-07,7,Saturday,36,9,September,3,Q3,2024,True,2024,3
20240908,2024-09-08,8,Sunday,36,9,September,3,Q3,2024,True,2024,3
20240909,2024-09-09,9,Monday,37,9,September,3,Q3,2024,False,2024,3
20240910,2024-09-10,10,Tuesday,37,9,September,3,Q3,2024,False,2024,3
20240911,2024-09-11,11,Wednesday,37,9,September,3,Q3,2024,False,2024,3
20240912,2024-09-12,12,Thursday,37,9,September,3,Q3,2024,False,2024,3
20240913,2024-09-13,13,Friday,37,9,September,3,Q3,2024,False,2024,3
20240914,2024-09-14,14,Saturday,37,9,September,3,Q3,2024,True,2024,3
20240915,2024-09-15,15,Sunday,37,9,September,3,Q3,2024,True,2024,3
20240916,2024-09-16,16,Monday,38,9,September,3,Q3,2024,False,2024,3
20240917,2024-09-17,17,Tuesday,38,9,September,3,Q3,2024,False,2024,3
20240918,2024-09-18,18,Wednesday,38,9,September,3,Q3,2024,False,2024,3
20240919,2024-09-19,19,Thursday,38,9,September,3,Q3,2024,False,2024,3
20240920,2024-09-20,20,Friday,38,9,September,3,Q3,2024,False,2024,3
20240921,2024-09-21,21,Saturday,38,9,September,3,Q3,2024,True,2024,3
20240922,2024-09-22,22,Sunday,38,9,September,3,Q3,2024,True,2024,3
20240923,2024-09-23,23,Monday,39,9,September,3,Q3,2024,False,2024,3
20240924,2024-09-24,24,Tuesday,39,9,September,3,Q3,2024,False,2024,3
20240925,2024-09-25,25,Wednesday,39,9,September,3,Q3,2024,False,2024,3
20240926,2024-09-26,26,Thursday,39,9,September,3,Q3,2024,False,2024,3
20240927,2024-09-27,27,Friday,39,9,September,3,Q3,2024,False,2024,3
20240928,2024-09-28,28,Saturday,39,9,September,3,Q3,2024,True,2024,3
20240929,2024-09-29,29,Sunday,39,9,September,3,Q3,2024,True,2024,3
20240930,2024-09-30,30,Monday,40,9,September,3,Q3,2024,False,2024,3
20241001,2024-10-01,1,Tuesday,40,10,October,4,Q4,2024,False,2025,4
20241002,2024-10-02,2,Wednesday,40,10,October,4,Q4,2024,False,2025,4
20241003,2024-10-03,3,Thursday,40,10,October,4,Q4,2024,False,2025,4
20241004,2024-10-04,4,Friday,40,10,October,4,Q4,2024,False,2025,4
20241005,2024-10-05,5,Saturday,40,10,October,4,Q4,2024,True,2025,4
20241006,2024-10-06,6,Sunday,40,10,October,4,Q4,2024,True,2025,4
20241007,2024-10-07,7,Monday,41,10,October,4,Q4,2024,False,2025,4
20241008,2024-10-08,8,Tuesday,41,10,October,4,Q4,2024,False,2025,4
20241009,2024-10-09,9,Wednesday,41,10,October,4,Q4,2024,False,2025,4
20241010,2024-10-10,10,Thursday,41,10,October,4,Q4,2024,False,2025,4
20241011,2024-10-11,11,Friday,41,10,October,4,Q4,2024,False,2025,4
20241012,2024-10-12,12,Saturday,41,10,October,4,Q4,2024,True,2025,4
20241013,2024-10-13,13,Sunday,41,10,October,4,Q4,2024,True,2025,4
20241014,2024-10-14,14,Monday,42,10,October,4,Q4,2024,False,2025,4
20241015,2024-10-15,15,Tuesday,42,10,October,4,Q4,2024,False,2025,4
20241016,2024-10-16,16,Wednesday,42,10,October,4,Q4,2024,False,2025,4
20241017,2024-10-17,17,Thursday,42,10,October,4,Q4,2024,False,2025,4
20241018,2024-10-18,18,Friday,42,10,October,4,Q4,2024,False,2025,4
20241019,2024-10-19,19,Saturday,42,10,October,4,Q4,2024,True,2025,4
20241020,2024-10-20,20,Sunday,42,10,October,4,Q4,2024,True,2025,4
20241021,2024-10-21,21,Monday,43,10,October,4,Q4,2024,False,2025,4
20241022,2024-10-22,22,Tuesday,43,10,October,4,Q4,2024,False,2025,4
20241023,2024-10-23,23,Wednesday,43,10,October,4,Q4,2024,False,2025,4
20241024,2024-10-24,24,Thursday,43,10,October,4,Q4,2024,False,2025,4
20241025,2024-10-25,25,Friday,43,10,October,4,Q4,2024,False,2025,4
20241026,2024-10-26,26,Saturday,43,10,October,4,Q4,2024,True,2025,4
20241027,2024-10-27,27,Sunday,43,10,October,4,Q4,2024,True,2025,4
20241028,2024-10-28,28,Monday,44,10,October,4,Q4,2024,False,2025,4
20241029,2024-10-29,29,Tuesday,44,10,October,4,Q4,2024,False,2025,4
20241030,2024-10-30,30,Wednesday,44,10,October,4,Q4,2024,False,2025,4
20241031,2024-10-31,31,Thursday,44,10,October,4,Q4,2024,False,2025,4
20241101,2024-11-01,1,Friday,44,11,November,4,Q4,2024,False,2025,4
20241102,2024-11-02,2,Saturday,44,11,November,4,Q4,2024,True,2025,4
20241103,2024-11-03,3,Sunday,44,11,November,4,Q4,2024,True,2025,4
20241104,2024-11-04,4,Monday,45,11,November,4,Q4,2024,False,2025,4
20241105,2024-11-05,5,Tuesday,45,11,November,4,Q4,2024,False,2025,4
20241106,2024-11-06,6,Wednesday,45,11,November,4,Q4,2024,False,2025,4
20241107,2024-11-07,7,Thursday,45,11,November,4,Q4,2024,False,2025,4
20241108,2024-11-08,8,Friday,45,11,November,4,Q4,2024,False,2025,4
20241109,2024-11-09,9,Saturday,45,11,November,4,Q4,2024,True,2025,4
20241110,2024-11-10,10,Sunday,45,11,November,4,Q4,2024,True,2025,4
20241111,2024-11-11,11,Monday,46,11,November,4,Q4,2024,False,2025,4
20241112,2024-11-12,12,Tuesday,46,11,November,4,Q4,2024,False,2025,4
20241113,2024-11-13,13,Wednesday,46,11,November,4,Q4,2024,False,2025,4
20241114,2024-11-14,14,Thursday,46,11,November,4,Q4,2024,False,2025,4
20241115,2024-11-15,15,Friday,46,11,November,4,Q4,2024,False,2025,4
20241116,2024-11-16,16,Saturday,46,11,November,4,Q4,2024,True,2025,4
20241117,2024-11-17,17,Sunday,46,11,November,4,Q4,2024,True,2025,4
20241118,2024-11-18,18,Monday,47,11,November,4,Q4,2024,False,2025,4
20241119,2024-11-19,19,Tuesday,47,11,November,4,Q4,2024,False,2025,4
20241120,2024-11-20,20,Wednesday,47,11,November,4,Q4,2024,False,2025,4
20241121,2024-11-21,21,Thursday,47,11,November,4,Q4,2024,False,2025,4
20241122,2024-11-22,22,Friday,47,11,November,4,Q4,2024,False,2025,4
20241123,2024-11-23,23,Saturday,47,11,November,4,Q4,2024,True,2025,4
20241124,2024-11-24,24,Sunday,47,11,November,4,Q4,2024,True,2025,4
20241125,2024-11-25,25,Monday,48,11,November,4,Q4,2024,False,2025,4
20241126,2024-11-26,26,Tuesday,48,11,November,4,Q4,2024,False,2025,4
20241127,2024-11-27,27,Wednesday,48,11,November,4,Q4,2024,False,2025,4
20241128,2024-11-28,28,Thursday,48,11,November,4,Q4,2024,False,2025,4
20241129,2024-11-29,29,Friday,48,11,November,4,Q4,2024,False,2025,4
20241130,2024-11-30,30,Saturday,48,11,November,4,Q4,2024,True,2025,4
20241201,2024-12-01,1,Sunday,48,12,December,4,Q4,2024,True,2025,4
20241202,2024-12-02,2,Monday,49,12,December,4,Q4,2024,False,2025,4
20241203,2024-12-03,3,Tuesday,49,12,December,4,Q4,2024,False,2025,4
20241204,2024-12-04,4,Wednesday,49,12,December,4,Q4,2024,False,2025,4
20241205,2024-12-05,5,Thursday,49,12,December,4,Q4,2024,False,2025,4
20241206,2024-12-06,6,Friday,49,12,December,4,Q4,2024,False,2025,4
20241207,2024-12-07,7,Saturday,49,12,December,4,Q4,2024,True,2025,4
20241208,2024-12-08,8,Sunday,49,12,December,4,Q4,2024,True,2025,4
20241209,2024-12-09,9,Monday,50,12,December,4,Q4,2024,False,2025,4
20241210,2024-12-10,10,Tuesday,50,12,December,4,Q4,2024,False,2025,4
20241211,2024-12-11,11,Wednesday,50,12,December,4,Q4,2024,False,2025,4
20241212,2024-12-12,12,Thursday,50,12,December,4,Q4,2024,False,2025,4
20241213,2024-12-13,13,Friday,50,12,December,4,Q4,2024,False,2025,4
20241214,2024-12-14,14,Saturday,50,12,December,4,Q4,2024,True,2025,4
20241215,2024-12-15,15,Sunday,50,12,December,4,Q4,2024,True,2025,4
20241216,2024-12-16,16,Monday,51,12,December,4,Q4,2024,False,2025,4
20241217,2024-12-17,17,Tuesday,51,12,December,4,Q4,2024,False,2025,4
20241218,2024-12-18,18,Wednesday,51,12,December,4,Q4,2024,False,2025,4
20241219,2024-12-19,19,Thursday,51,12,December,4,Q4,2024,False,2025,4
20241220,2024-12-20,20,Friday,51,12,December,4,Q4,2024,False,2025,4
20241221,2024-12-21,21,Saturday,51,12,December,4,Q4,2024,True,2025,4
20241222,2024-12-22,22,Sunday,51,12,December,4,Q4,2024,True,2025,4
20241223,2024-12-23,23,Monday,52,12,December,4,Q4,2024,False,2025,4
20241224,2024-12-24,24,Tuesday,52,12,December,4,Q4,2024,False,2025,4
20241225,2024-12-25,25,Wednesday,52,12,December,4,Q4,2024,False,2025,4
20241226,2024-12-26,26,Thursday,52,12,December,4,Q4,2024,False,2025,4
20241227,2024-12-27,27,Friday,52,12,December,4,Q4,2024,False,2025,4
20241228,2024-12-28,28,Saturday,52,12,December,4,Q4,2024,True,2025,4
20241229,2024-12-29,29,Sunday,52,12,December,4,Q4,2024,True,2025,4
20241230,2024-12-30,30,Monday,1,12,December,4,Q4,2024,False,2025,4
20241231,2024-12-31,31,Tuesday,1,12,December,4,Q4,2024,False,2025,4
